1515818700,s5,0.00,0.00,0.00,0,0,0.00,0.00,0.00,0,0,0.00,0.00,0,0
1515818700,s1,0.00,0.00,0.00,0,0,0.00,0.00,0.00,0,0,0.00,0.00,0,0
1515818700,eth0,0.00,0.00,0.00,0,0,0.00,0.00,0.00,0,0,0.00,0.00,0,0
1515818700,eth1,0.00,0.00,0.00,0,0,0.00,0.00,0.00,0,0,0.00,0.00,0,0
1515818700,s2,0.00,0.00,0.00,0,0,0.00,0.00,0.00,0,0,0.00,0.00,0,0
1515818700,s1-eth2,0.00,0.00,0.00,0,0,0.00,0.00,0.00,0,0,0.00,0.00,0,0
1515818700,s1-eth1,0.00,0.00,0.00,0,0,0.00,0.00,0.00,0,0,0.00,0.00,0,0
1515818700,s3,0.00,0.00,0.00,0,0,0.00,0.00,0.00,0,0,0.00,0.00,0,0
1515818700,s2-eth2,0.00,0.00,0.00,0,0,0.00,0.00,0.00,0,0,0.00,0.00,0,0
1515818700,s2-eth1,0.00,0.00,0.00,0,0,0.00,0.00,0.00,0,0,0.00,0.00,0,0
1515818700,lo,0.00,0.00,0.00,0,0,0.00,0.00,0.00,0,0,0.00,0.00,0,0
1515818700,s4,0.00,0.00,0.00,0,0,0.00,0.00,0.00,0,0,0.00,0.00,0,0
1515818700,s3-eth2,0.00,0.00,0.00,0,0,0.00,0.00,0.00,0,0,0.00,0.00,0,0
1515818700,s3-eth1,0.00,0.00,0.00,0,0,0.00,0.00,0.00,0,0,0.00,0.00,0,0
1515818700,total,0.00,0.00,0.00,0,0,0.00,0.00,0.00,0,0,0.00,0.00,0,0
1515818701,s5,0.00,0.00,0.00,0,0,0.00,0.00,0.00,0,0,0.00,0.00,0,0
1515818701,s1,90.00,3679.00,3769.00,3679,90,1.00,17.00,18.00,17,1,0.00,0.00,0,0
1515818701,eth0,152.00,245.00,397.00,245,152,2.00,2.00,4.00,2,2,0.00,0.00,0,0
1515818701,eth1,0.00,0.00,0.00,0,0,0.00,0.00,0.00,0,0,0.00,0.00,0,0
1515818701,s2,90.00,3404.00,3494.00,3404,90,1.00,15.00,16.00,15,1,0.00,0.00,0,0
1515818701,s1-eth2,143994.00,5846205.00,5990199.00,5846205,143994,1936.00,3876.00,5812.00,3876,1936,0.00,0.00,0,0
1515818701,s1-eth1,5843861.00,142598.00,5986459.00,142598,5843861,3877.00,1927.00,5804.00,1927,3877,0.00,0.00,0,0
1515818701,s3,90.00,2417.00,2507.00,2417,90,1.00,11.00,12.00,11,1,0.00,0.00,0,0
1515818701,s2-eth2,145961.00,5846418.00,5992379.00,5846418,145961,1951.00,3871.00,5822.00,3871,1951,0.00,0.00,0,0
1515818701,s2-eth1,5846205.00,143994.00,5990199.00,143994,5846205,3876.00,1936.00,5812.00,1936,3876,0.00,0.00,0,0
1515818701,lo,13985.00,13985.00,27970.00,13985,13985,130.00,130.00,260.00,130,130,0.00,0.00,0,0
1515818701,s4,0.00,0.00,0.00,0,0,0.00,0.00,0.00,0,0,0.00,0.00,0,0
1515818701,s3-eth2,148261.00,5847158.00,5995419.00,5847158,148261,1965.00,3863.00,5828.00,3863,1965,0.00,0.00,0,0
1515818701,s3-eth1,5846418.00,145961.00,5992379.00,145961,5846418,3871.00,1951.00,5822.00,1951,3871,0.00,0.00,0,0
1515818701,total,17989108.00,17996064.00,35985172.00,17996064,17989107,17611.00,17599.00,35210.00,17599,17611,0.00,0.00,0,0
1515818702,s5,0.00,0.00,0.00,0,0,0.00,0.00,0.00,0,0,0.00,0.00,0,0
1515818702,s1,0.00,861.00,861.00,861,0,0.00,3.00,3.00,3,0,0.00,0.00,0,0
1515818702,eth0,0.00,0.00,0.00,0,0,0.00,0.00,0.00,0,0,0.00,0.00,0,0
1515818702,eth1,0.00,0.00,0.00,0,0,0.00,0.00,0.00,0,0,0.00,0.00,0,0
1515818702,s2,0.00,374.00,374.00,374,0,0.00,2.00,2.00,2,0,0.00,0.00,0,0
1515818702,s1-eth2,148551.00,6091683.00,6240234.00,6091683,148551,2007.00,4026.00,6033.00,4026,2007,0.00,0.00,0,0
1515818702,s1-eth1,6095160.00,148814.00,6243974.00,148814,6095160,4030.00,2011.00,6041.00,2011,4030,0.00,0.00,0,0
1515818702,s3,0.00,701.00,701.00,701,0,0.00,3.00,3.00,3,0,0.00,0.00,0,0
1515818702,s2-eth2,148479.00,6091089.00,6239568.00,6091089,148479,2000.00,4024.00,6024.00,4024,2000,0.00,0.00,0,0
1515818702,s2-eth1,6091683.00,148551.00,6240234.00,148551,6091683,4026.00,2007.00,6033.00,2007,4026,0.00,0.00,0,0
1515818702,lo,2566.00,2566.00,5132.00,2566,2566,24.00,24.00,48.00,24,24,0.00,0.00,0,0
1515818702,s4,0.00,0.00,0.00,0,0,0.00,0.00,0.00,0,0,0.00,0.00,0,0
1515818702,s3-eth2,149045.00,6107476.00,6256521.00,6107476,149045,1998.00,4034.00,6032.00,4034,1998,0.00,0.00,0,0
1515818702,s3-eth1,6091089.00,148479.00,6239568.00,148479,6091089,4024.00,2000.00,6024.00,2000,4024,0.00,0.00,0,0
1515818702,total,18726572.00,18740594.00,37467168.00,18740594,18726573,18109.00,18134.00,36243.00,18134,18109,0.00,0.00,0,0
1515818703,s5,0.00,0.00,0.00,0,0,0.00,0.00,0.00,0,0,0.00,0.00,0,0
1515818703,s1,0.00,541.00,541.00,541,0,0.00,3.00,3.00,3,0,0.00,0.00,0,0
1515818703,eth0,0.00,0.00,0.00,0,0,0.00,0.00,0.00,0,0,0.00,0.00,0,0
1515818703,eth1,0.00,0.00,0.00,0,0,0.00,0.00,0.00,0,0,0.00,0.00,0,0
1515818703,s2,0.00,771.00,771.00,771,0,0.00,4.00,4.00,4,0,0.00,0.00,0,0
1515818703,s1-eth2,151297.00,6179175.00,6330472.00,6179175,151297,2042.00,4084.00,6126.00,4084,2042,0.00,0.00,0,0
1515818703,s1-eth1,6178325.00,150960.00,6329285.00,150960,6178325,4086.00,2040.00,6126.00,2040,4086,0.00,0.00,0,0
1515818703,s3,0.00,444.00,444.00,444,0,0.00,3.00,3.00,3,0,0.00,0.00,0,0
1515818703,s2-eth2,151330.00,6177554.00,6328884.00,6177554,151330,2042.00,4082.00,6124.00,4082,2042,0.00,0.00,0,0
1515818703,s2-eth1,6179175.00,151297.00,6330472.00,151297,6179175,4084.00,2042.00,6126.00,2042,4084,0.00,0.00,0,0
1515818703,lo,3060.00,3060.00,6120.00,3060,3060,30.00,30.00,60.00,30,30,0.00,0.00,0,0
1515818703,s4,0.00,0.00,0.00,0,0,0.00,0.00,0.00,0,0,0.00,0.00,0,0
1515818703,s3-eth2,151437.00,6175606.00,6327043.00,6175606,151437,2043.00,4079.00,6122.00,4079,2043,0.00,0.00,0,0
1515818703,s3-eth1,6177554.00,151330.00,6328884.00,151330,6177554,4082.00,2042.00,6124.00,2042,4082,0.00,0.00,0,0
1515818703,total,18992178.00,18990738.00,37982916.00,18990738,18992178,18409.00,18409.00,36818.00,18409,18409,0.00,0.00,0,0
1515818704,s5,0.00,0.00,0.00,0,0,0.00,0.00,0.00,0,0,0.00,0.00,0,0
1515818704,s1,70.00,1281.00,1351.00,1281,70,1.00,9.00,10.00,9,1,0.00,0.00,0,0
1515818704,eth0,0.00,0.00,0.00,0,0,0.00,0.00,0.00,0,0,0.00,0.00,0,0
1515818704,eth1,0.00,0.00,0.00,0,0,0.00,0.00,0.00,0,0,0.00,0.00,0,0
1515818704,s2,70.00,944.00,1014.00,944,70,1.00,7.00,8.00,7,1,0.00,0.00,0,0
1515818704,s1-eth2,150391.00,6135939.00,6286330.00,6135939,150391,2029.00,4060.00,6089.00,4060,2029,0.00,0.00,0,0
1515818704,s1-eth1,6137865.00,149994.00,6287859.00,149994,6137865,4063.00,2027.00,6090.00,2027,4063,0.00,0.00,0,0
1515818704,s3,70.00,1271.00,1341.00,1271,70,1.00,8.00,9.00,8,1,0.00,0.00,0,0
1515818704,s2-eth2,151125.00,6138233.00,6289358.00,6138233,151125,2033.00,4058.00,6091.00,4058,2033,0.00,0.00,0,0
1515818704,s2-eth1,6135939.00,150391.00,6286330.00,150391,6135939,4060.00,2029.00,6089.00,2029,4060,0.00,0.00,0,0
1515818704,lo,8044.00,8044.00,16088.00,8044,8044,87.00,87.00,174.00,87,87,0.00,0.00,0,0
1515818704,s4,0.00,0.00,0.00,0,0,0.00,0.00,0.00,0,0,0.00,0.00,0,0
1515818704,s3-eth2,151458.00,6133284.00,6284742.00,6133284,151458,2035.00,4052.00,6087.00,4052,2035,0.00,0.00,0,0
1515818704,s3-eth1,6138233.00,151125.00,6289358.00,151125,6138233,4058.00,2033.00,6091.00,2033,4058,0.00,0.00,0,0
1515818704,total,18873264.00,18870506.00,37743772.00,18870506,18873265,18368.00,18370.00,36738.00,18370,18368,0.00,0.00,0,0
1515818705,s5,0.00,0.00,0.00,0,0,0.00,0.00,0.00,0,0,0.00,0.00,0,0
1515818705,s1,0.00,327.00,327.00,327,0,0.00,1.00,1.00,1,0,0.00,0.00,0,0
1515818705,eth0,0.00,0.00,0.00,0,0,0.00,0.00,0.00,0,0,0.00,0.00,0,0
1515818705,eth1,0.00,0.00,0.00,0,0,0.00,0.00,0.00,0,0,0.00,0.00,0,0
1515818705,s2,0.00,327.00,327.00,327,0,0.00,1.00,1.00,1,0,0.00,0.00,0,0
1515818705,s1-eth2,148740.00,6094177.00,6242917.00,6094177,148740,2010.00,4026.00,6036.00,4026,2010,0.00,0.00,0,0
1515818705,s1-eth1,6088121.00,148740.00,6236861.00,148740,6088121,4022.00,2010.00,6032.00,2010,4022,0.00,0.00,0,0
1515818705,s3,0.00,0.00,0.00,0,0,0.00,0.00,0.00,0,0,0.00,0.00,0,0
1515818705,s2-eth2,148814.00,6091149.00,6239963.00,6091149,148814,2011.00,4024.00,6035.00,4024,2011,0.00,0.00,0,0
1515818705,s2-eth1,6094177.00,148814.00,6242991.00,148814,6094177,4026.00,2011.00,6037.00,2011,4026,0.00,0.00,0,0
1515818705,lo,652.00,652.00,1304.00,652,652,6.00,6.00,12.00,6,6,0.00,0.00,0,0
1515818705,s4,0.00,0.00,0.00,0,0,0.00,0.00,0.00,0,0,0.00,0.00,0,0
1515818705,s3-eth2,149289.00,6095364.00,6244653.00,6095364,149289,2014.00,4026.00,6040.00,4026,2014,0.00,0.00,0,0
1515818705,s3-eth1,6091149.00,148814.00,6239963.00,148814,6091149,4024.00,2011.00,6035.00,2011,4024,0.00,0.00,0,0
1515818705,total,18720942.00,18728364.00,37449304.00,18728364,18720942,18113.00,18116.00,36229.00,18116,18113,0.00,0.00,0,0
1515818706,s5,0.00,0.00,0.00,0,0,0.00,0.00,0.00,0,0,0.00,0.00,0,0
1515818706,s1,0.00,684.00,684.00,684,0,0.00,2.00,2.00,2,0,0.00,0.00,0,0
1515818706,eth0,0.00,0.00,0.00,0,0,0.00,0.00,0.00,0,0,0.00,0.00,0,0
1515818706,eth1,0.00,0.00,0.00,0,0,0.00,0.00,0.00,0,0,0.00,0.00,0,0
1515818706,s2,0.00,449.00,449.00,449,0,0.00,2.00,2.00,2,0,0.00,0.00,0,0
1515818706,s1-eth2,150475.00,6152066.00,6302541.00,6152066,150475,2033.00,4065.00,6098.00,4065,2033,0.00,0.00,0,0
1515818706,s1-eth1,6150659.00,150294.00,6300953.00,150294,6150659,4065.00,2031.00,6096.00,2031,4065,0.00,0.00,0,0
1515818706,s3,0.00,107.00,107.00,107,0,0.00,1.00,1.00,1,0,0.00,0.00,0,0
1515818706,s2-eth2,150401.00,6153238.00,6303639.00,6153238,150401,2032.00,4065.00,6097.00,4065,2032,0.00,0.00,0,0
1515818706,s2-eth1,6152066.00,150401.00,6302467.00,150401,6152066,4065.00,2032.00,6097.00,2032,4065,0.00,0.00,0,0
1515818706,lo,1588.00,1588.00,3176.00,1588,1588,15.00,15.00,30.00,15,15,0.00,0.00,0,0
1515818706,s4,0.00,0.00,0.00,0,0,0.00,0.00,0.00,0,0,0.00,0.00,0,0
1515818706,s3-eth2,150253.00,6152896.00,6303149.00,6152896,150253,2030.00,4064.00,6094.00,4064,2030,0.00,0.00,0,0
1515818706,s3-eth1,6153238.00,150401.00,6303639.00,150401,6153238,4065.00,2032.00,6097.00,2032,4065,0.00,0.00,0,0
1515818706,total,18908680.00,18912124.00,37820804.00,18912124,18908680,18305.00,18309.00,36614.00,18309,18305,0.00,0.00,0,0
1515818707,s5,0.00,0.00,0.00,0,0,0.00,0.00,0.00,0,0,0.00,0.00,0,0
1515818707,s1,0.00,214.00,214.00,214,0,0.00,2.00,2.00,2,0,0.00,0.00,0,0
1515818707,eth0,0.00,0.00,0.00,0,0,0.00,0.00,0.00,0,0,0.00,0.00,0,0
1515818707,eth1,0.00,0.00,0.00,0,0,0.00,0.00,0.00,0,0,0.00,0.00,0,0
1515818707,s2,0.00,177.00,177.00,177,0,0.00,2.00,2.00,2,0,0.00,0.00,0,0
1515818707,s1-eth2,142150.00,5806404.00,5948554.00,5806404,142150,1921.00,3837.00,5758.00,3837,1921,0.00,0.00,0,0
1515818707,s1-eth1,5814044.00,142080.00,5956124.00,142080,5814044,3843.00,1920.00,5763.00,1920,3843,0.00,0.00,0,0
1515818707,s3,0.00,177.00,177.00,177,0,0.00,2.00,2.00,2,0,0.00,0.00,0,0
1515818707,s2-eth2,142257.00,5804783.00,5947040.00,5804783,142257,1922.00,3835.00,5757.00,3835,1922,0.00,0.00,0,0
1515818707,s2-eth1,5806404.00,142150.00,5948554.00,142150,5806404,3837.00,1921.00,5758.00,1921,3837,0.00,0.00,0,0
1515818707,lo,1756.00,1756.00,3512.00,1756,1756,18.00,18.00,36.00,18,18,0.00,0.00,0,0
1515818707,s4,0.00,0.00,0.00,0,0,0.00,0.00,0.00,0,0,0.00,0.00,0,0
1515818707,s3-eth2,142438.00,5786508.00,5928946.00,5786508,142438,1924.00,3822.00,5746.00,3822,1924,0.00,0.00,0,0
1515818707,s3-eth1,5804783.00,142257.00,5947040.00,142257,5804783,3835.00,1922.00,5757.00,1922,3835,0.00,0.00,0,0
1515818707,total,17853832.00,17826506.00,35680336.00,17826506,17853832,17300.00,17281.00,34581.00,17281,17300,0.00,0.00,0,0
1515818708,s5,0.00,0.00,0.00,0,0,0.00,0.00,0.00,0,0,0.00,0.00,0,0
1515818708,s1,70.00,420.00,490.00,420,70,1.00,6.00,7.00,6,1,0.00,0.00,0,0
1515818708,eth0,0.00,0.00,0.00,0,0,0.00,0.00,0.00,0,0,0.00,0.00,0,0
1515818708,eth1,0.00,0.00,0.00,0,0,0.00,0.00,0.00,0,0,0.00,0.00,0,0
1515818708,s2,70.00,692.00,762.00,692,70,1.00,6.00,7.00,6,1,0.00,0.00,0,0
1515818708,s1-eth2,146854.00,5988220.00,6135074.00,5988220,146854,1981.00,3960.00,5941.00,3960,1981,0.00,0.00,0,0
1515818708,s1-eth1,5988290.00,146442.00,6134732.00,146442,5988290,3961.00,1979.00,5940.00,1979,3961,0.00,0.00,0,0
1515818708,s3,70.00,692.00,762.00,692,70,1.00,6.00,7.00,6,1,0.00,0.00,0,0
1515818708,s2-eth2,146994.00,5988080.00,6135074.00,5988080,146994,1983.00,3958.00,5941.00,3958,1983,0.00,0.00,0,0
1515818708,s2-eth1,5988220.00,146854.00,6135074.00,146854,5988220,3960.00,1981.00,5941.00,1981,3960,0.00,0.00,0,0
1515818708,lo,5744.00,5744.00,11488.00,5744,5744,63.00,63.00,126.00,63,63,0.00,0.00,0,0
1515818708,s4,0.00,0.00,0.00,0,0,0.00,0.00,0.00,0,0,0.00,0.00,0,0
1515818708,s3-eth2,147208.00,5987940.00,6135148.00,5987940,147208,1986.00,3956.00,5942.00,3956,1986,0.00,0.00,0,0
1515818708,s3-eth1,5988080.00,146994.00,6135074.00,146994,5988080,3958.00,1983.00,5941.00,1983,3958,0.00,0.00,0,0
1515818708,total,18411600.00,18412078.00,36823680.00,18412078,18411600,17895.00,17898.00,35793.00,17898,17895,0.00,0.00,0,0
1515818709,s5,0.00,0.00,0.00,0,0,0.00,0.00,0.00,0,0,0.00,0.00,0,0
1515818709,s1,0.00,0.00,0.00,0,0,0.00,0.00,0.00,0,0,0.00,0.00,0,0
1515818709,eth0,0.00,0.00,0.00,0,0,0.00,0.00,0.00,0,0,0.00,0.00,0,0
1515818709,eth1,0.00,0.00,0.00,0,0,0.00,0.00,0.00,0,0,0.00,0.00,0,0
1515818709,s2,0.00,0.00,0.00,0,0,0.00,0.00,0.00,0,0,0.00,0.00,0,0
1515818709,s1-eth2,117295.52,4745373.00,4862668.50,4769100,117882,1585.07,3134.33,4719.40,3150,1593,0.00,0.00,0,0
1515818709,s1-eth1,4737840.50,116706.47,4854547.00,117290,4761530,3129.35,1577.11,4706.47,1585,3145,0.00,0.00,0,0
1515818709,s3,0.00,340.30,340.30,342,0,0.00,1.00,1.00,1,0,0.00,0.00,0,0
1515818709,s2-eth2,117930.34,4752905.50,4870835.50,4776670,118520,1590.05,3139.30,4729.35,3155,1598,0.00,0.00,0,0
1515818709,s2-eth1,4745373.00,117295.52,4862668.50,117882,4769100,3134.33,1585.07,4719.40,1593,3150,0.00,0.00,0,0
1515818709,lo,666.67,666.67,1333.33,670,670,8.96,8.96,17.91,9,9,0.00,0.00,0,0
1515818709,s4,0.00,0.00,0.00,0,0,0.00,0.00,0.00,0,0,0.00,0.00,0,0
1515818709,s3-eth2,118445.77,4751399.00,4869844.50,4775156,119038,1597.01,3138.31,4735.32,3154,1605,0.00,0.00,0,0
1515818709,s3-eth1,4752905.50,117930.34,4870835.50,118520,4776670,3139.30,1590.05,4729.35,1598,3155,0.00,0.00,0,0
1515818709,total,14590457.00,14602617.00,29193074.00,14675630,14663410,14184.08,14174.13,28358.21,14245,14255,0.00,0.00,0,0
1515818710,s5,0.00,0.00,0.00,0,0,0.00,0.00,0.00,0,0,0.00,0.00,0,0
1515818710,s1,0.00,0.00,0.00,0,0,0.00,0.00,0.00,0,0,0.00,0.00,0,0
1515818710,eth0,0.00,0.00,0.00,0,0,0.00,0.00,0.00,0,0,0.00,0.00,0,0
1515818710,eth1,0.00,0.00,0.00,0,0,0.00,0.00,0.00,0,0,0.00,0.00,0,0
1515818710,s2,0.00,0.00,0.00,0,0,0.00,0.00,0.00,0,0,0.00,0.00,0,0
1515818710,s1-eth2,128982.00,5332308.00,5461290.00,5332308,128982,1743.00,3522.00,5265.00,3522,1743,0.00,0.00,0,0
1515818710,s1-eth1,5341392.00,129574.00,5470966.00,129574,5341392,3528.00,1751.00,5279.00,1751,3528,0.00,0.00,0,0
1515818710,s3,0.00,0.00,0.00,0,0,0.00,0.00,0.00,0,0,0.00,0.00,0,0
1515818710,s2-eth2,128686.00,5318682.00,5447368.00,5318682,128686,1739.00,3513.00,5252.00,3513,1739,0.00,0.00,0,0
1515818710,s2-eth1,5332308.00,128982.00,5461290.00,128982,5332308,3522.00,1743.00,5265.00,1743,3522,0.00,0.00,0,0
1515818710,lo,0.00,0.00,0.00,0,0,0.00,0.00,0.00,0,0,0.00,0.00,0,0
1515818710,s4,0.00,0.00,0.00,0,0,0.00,0.00,0.00,0,0,0.00,0.00,0,0
1515818710,s3-eth2,128436.00,5314140.00,5442576.00,5314140,128436,1732.00,3510.00,5242.00,3510,1732,0.00,0.00,0,0
1515818710,s3-eth1,5318682.00,128686.00,5447368.00,128686,5318682,3513.00,1739.00,5252.00,1739,3513,0.00,0.00,0,0
1515818710,total,16378486.00,16352372.00,32730858.00,16352372,16378486,15777.00,15778.00,31555.00,15778,15777,0.00,0.00,0,0
1515818711,s5,0.00,0.00,0.00,0,0,0.00,0.00,0.00,0,0,0.00,0.00,0,0
1515818711,s1,0.00,0.00,0.00,0,0,0.00,0.00,0.00,0,0,0.00,0.00,0,0
1515818711,eth0,0.00,0.00,0.00,0,0,0.00,0.00,0.00,0,0,0.00,0.00,0,0
1515818711,eth1,0.00,0.00,0.00,0,0,0.00,0.00,0.00,0,0,0.00,0.00,0,0
1515818711,s2,0.00,0.00,0.00,0,0,0.00,0.00,0.00,0,0,0.00,0.00,0,0
1515818711,s1-eth2,149184.00,6107476.00,6256660.00,6107476,149184,2016.00,4034.00,6050.00,4034,2016,0.00,0.00,0,0
1515818711,s1-eth1,6106304.00,149184.00,6255488.00,149184,6106304,4034.00,2016.00,6050.00,2016,4034,0.00,0.00,0,0
1515818711,s3,0.00,0.00,0.00,0,0,0.00,0.00,0.00,0,0,0.00,0.00,0,0
1515818711,s2-eth2,149184.00,6112018.00,6261202.00,6112018,149184,2016.00,4037.00,6053.00,4037,2016,0.00,0.00,0,0
1515818711,s2-eth1,6107476.00,149184.00,6256660.00,149184,6107476,4034.00,2016.00,6050.00,2016,4034,0.00,0.00,0,0
1515818711,lo,0.00,0.00,0.00,0,0,0.00,0.00,0.00,0,0,0.00,0.00,0,0
1515818711,s4,0.00,0.00,0.00,0,0,0.00,0.00,0.00,0,0,0.00,0.00,0,0
1515818711,s3-eth2,149110.00,6119588.00,6268698.00,6119588,149110,2015.00,4042.00,6057.00,4042,2015,0.00,0.00,0,0
1515818711,s3-eth1,6112018.00,149184.00,6261202.00,149184,6112018,4037.00,2016.00,6053.00,2016,4037,0.00,0.00,0,0
1515818711,total,18773276.00,18786634.00,37559912.00,18786634,18773276,18152.00,18161.00,36313.00,18161,18152,0.00,0.00,0,0
1515818712,s5,0.00,0.00,0.00,0,0,0.00,0.00,0.00,0,0,0.00,0.00,0,0
1515818712,s1,0.00,0.00,0.00,0,0,0.00,0.00,0.00,0,0,0.00,0.00,0,0
1515818712,eth0,0.00,0.00,0.00,0,0,0.00,0.00,0.00,0,0,0.00,0.00,0,0
1515818712,eth1,0.00,0.00,0.00,0,0,0.00,0.00,0.00,0,0,0.00,0.00,0,0
1515818712,s2,0.00,0.00,0.00,0,0,0.00,0.00,0.00,0,0,0.00,0.00,0,0
1515818712,s1-eth2,152292.00,6233138.00,6385430.00,6233138,152292,2058.00,4117.00,6175.00,4117,2058,0.00,0.00,0,0
1515818712,s1-eth1,6234652.00,152440.00,6387092.00,152440,6234652,4118.00,2060.00,6178.00,2060,4118,0.00,0.00,0,0
1515818712,s3,0.00,0.00,0.00,0,0,0.00,0.00,0.00,0,0,0.00,0.00,0,0
1515818712,s2-eth2,152366.00,6234652.00,6387018.00,6234652,152366,2059.00,4118.00,6177.00,4118,2059,0.00,0.00,0,0
1515818712,s2-eth1,6234652.00,152366.00,6387018.00,152366,6234652,4118.00,2059.00,6177.00,2059,4118,0.00,0.00,0,0
1515818712,lo,344.00,344.00,688.00,344,344,6.00,6.00,12.00,6,6,0.00,0.00,0,0
1515818712,s4,0.00,0.00,0.00,0,0,0.00,0.00,0.00,0,0,0.00,0.00,0,0
1515818712,s3-eth2,152440.00,6233138.00,6385578.00,6233138,152440,2060.00,4117.00,6177.00,4117,2060,0.00,0.00,0,0
1515818712,s3-eth1,6234652.00,152366.00,6387018.00,152366,6234652,4118.00,2059.00,6177.00,2059,4118,0.00,0.00,0,0
1515818712,total,19161398.00,19158444.00,38319840.00,19158444,19161398,18537.00,18536.00,37073.00,18536,18537,0.00,0.00,0,0
1515818713,s5,0.00,0.00,0.00,0,0,0.00,0.00,0.00,0,0,0.00,0.00,0,0
1515818713,s1,0.00,0.00,0.00,0,0,0.00,0.00,0.00,0,0,0.00,0.00,0,0
1515818713,eth0,0.00,0.00,0.00,0,0,0.00,0.00,0.00,0,0,0.00,0.00,0,0
1515818713,eth1,0.00,0.00,0.00,0,0,0.00,0.00,0.00,0,0,0.00,0.00,0,0
1515818713,s2,0.00,0.00,0.00,0,0,0.00,0.00,0.00,0,0,0.00,0.00,0,0
1515818713,s1-eth2,152292.00,6221026.00,6373318.00,6221026,152292,2058.00,4109.00,6167.00,4109,2058,0.00,0.00,0,0
1515818713,s1-eth1,6219512.00,152070.00,6371582.00,152070,6219512,4108.00,2055.00,6163.00,2055,4108,0.00,0.00,0,0
1515818713,s3,0.00,0.00,0.00,0,0,0.00,0.00,0.00,0,0,0.00,0.00,0,0
1515818713,s2-eth2,152366.00,6219512.00,6371878.00,6219512,152366,2059.00,4108.00,6167.00,4108,2059,0.00,0.00,0,0
1515818713,s2-eth1,6219512.00,152218.00,6371730.00,152218,6219512,4108.00,2057.00,6165.00,2057,4108,0.00,0.00,0,0
1515818713,lo,172.00,172.00,344.00,172,172,3.00,3.00,6.00,3,3,0.00,0.00,0,0
1515818713,s4,0.00,0.00,0.00,0,0,0.00,0.00,0.00,0,0,0.00,0.00,0,0
1515818713,s3-eth2,152292.00,6219512.00,6371804.00,6219512,152292,2058.00,4108.00,6166.00,4108,2058,0.00,0.00,0,0
1515818713,s3-eth1,6219512.00,152366.00,6371878.00,152366,6219512,4108.00,2059.00,6167.00,2059,4108,0.00,0.00,0,0
1515818713,total,19115658.00,19116876.00,38232536.00,19116876,19115658,18502.00,18499.00,37001.00,18499,18502,0.00,0.00,0,0
1515818714,s5,0.00,0.00,0.00,0,0,0.00,0.00,0.00,0,0,0.00,0.00,0,0
1515818714,s1,0.00,0.00,0.00,0,0,0.00,0.00,0.00,0,0,0.00,0.00,0,0
1515818714,eth0,0.00,0.00,0.00,0,0,0.00,0.00,0.00,0,0,0.00,0.00,0,0
1515818714,eth1,0.00,0.00,0.00,0,0,0.00,0.00,0.00,0,0,0.00,0.00,0,0
1515818714,s2,0.00,107.00,107.00,107,0,0.00,1.00,1.00,1,0,0.00,0.00,0,0
1515818714,s1-eth2,150623.00,6169550.00,6320173.00,6169550,150623,2035.00,4075.00,6110.00,4075,2035,0.00,0.00,0,0
1515818714,s1-eth1,6168143.00,150590.00,6318733.00,150590,6168143,4075.00,2035.00,6110.00,2035,4075,0.00,0.00,0,0
1515818714,s3,0.00,107.00,107.00,107,0,0.00,1.00,1.00,1,0,0.00,0.00,0,0
1515818714,s2-eth2,150475.00,6171064.00,6321539.00,6171064,150475,2033.00,4076.00,6109.00,4076,2033,0.00,0.00,0,0
1515818714,s2-eth1,6169550.00,150623.00,6320173.00,150623,6169550,4075.00,2035.00,6110.00,2035,4075,0.00,0.00,0,0
1515818714,lo,954.00,954.00,1908.00,954,954,12.00,12.00,24.00,12,12,0.00,0.00,0,0
1515818714,s4,0.00,0.00,0.00,0,0,0.00,0.00,0.00,0,0,0.00,0.00,0,0
1515818714,s3-eth2,150475.00,6171064.00,6321539.00,6171064,150475,2033.00,4076.00,6109.00,4076,2033,0.00,0.00,0,0
1515818714,s3-eth1,6171064.00,150475.00,6321539.00,150475,6171064,4076.00,2033.00,6109.00,2033,4076,0.00,0.00,0,0
1515818714,total,18961284.00,18964534.00,37925816.00,18964534,18961284,18339.00,18344.00,36683.00,18344,18339,0.00,0.00,0,0
1515818715,s5,0.00,0.00,0.00,0,0,0.00,0.00,0.00,0,0,0.00,0.00,0,0
1515818715,s1,0.00,214.00,214.00,214,0,0.00,2.00,2.00,2,0,0.00,0.00,0,0
1515818715,eth0,0.00,0.00,0.00,0,0,0.00,0.00,0.00,0,0,0.00,0.00,0,0
1515818715,eth1,0.00,0.00,0.00,0,0,0.00,0.00,0.00,0,0,0.00,0.00,0,0
1515818715,s2,0.00,107.00,107.00,107,0,0.00,1.00,1.00,1,0,0.00,0.00,0,0
1515818715,s1-eth2,151848.00,6204586.00,6356434.00,6204586,151848,2052.00,4100.00,6152.00,4100,2052,0.00,0.00,0,0
1515818715,s1-eth1,6206100.00,151848.00,6357948.00,151848,6206100,4101.00,2052.00,6153.00,2052,4101,0.00,0.00,0,0
1515818715,s3,0.00,107.00,107.00,107,0,0.00,1.00,1.00,1,0,0.00,0.00,0,0
1515818715,s2-eth2,152029.00,6204479.00,6356508.00,6204479,152029,2054.00,4099.00,6153.00,4099,2054,0.00,0.00,0,0
1515818715,s2-eth1,6204586.00,151848.00,6356434.00,151848,6204586,4100.00,2052.00,6152.00,2052,4100,0.00,0.00,0,0
1515818715,lo,1220.00,1220.00,2440.00,1220,1220,12.00,12.00,24.00,12,12,0.00,0.00,0,0
1515818715,s4,0.00,0.00,0.00,0,0,0.00,0.00,0.00,0,0,0.00,0.00,0,0
1515818715,s3-eth2,152136.00,6205886.00,6358022.00,6205886,152136,2055.00,4099.00,6154.00,4099,2055,0.00,0.00,0,0
1515818715,s3-eth1,6204479.00,152029.00,6356508.00,152029,6204479,4099.00,2054.00,6153.00,2054,4099,0.00,0.00,0,0
1515818715,total,19072398.00,19072324.00,38144720.00,19072324,19072398,18473.00,18472.00,36945.00,18472,18473,0.00,0.00,0,0
1515818716,s5,0.00,0.00,0.00,0,0,0.00,0.00,0.00,0,0,0.00,0.00,0,0
1515818716,s1,0.00,0.00,0.00,0,0,0.00,0.00,0.00,0,0,0.00,0.00,0,0
1515818716,eth0,0.00,0.00,0.00,0,0,0.00,0.00,0.00,0,0,0.00,0.00,0,0
1515818716,eth1,0.00,0.00,0.00,0,0,0.00,0.00,0.00,0,0,0.00,0.00,0,0
1515818716,s2,0.00,0.00,0.00,0,0,0.00,0.00,0.00,0,0,0.00,0.00,0,0
1515818716,s1-eth2,151182.00,6195288.00,6346470.00,6195288,151182,2043.00,4092.00,6135.00,4092,2043,0.00,0.00,0,0
1515818716,s1-eth1,6193774.00,151182.00,6344956.00,151182,6193774,4091.00,2043.00,6134.00,2043,4091,0.00,0.00,0,0
1515818716,s3,0.00,0.00,0.00,0,0,0.00,0.00,0.00,0,0,0.00,0.00,0,0
1515818716,s2-eth2,151108.00,6196802.00,6347910.00,6196802,151108,2042.00,4093.00,6135.00,4093,2042,0.00,0.00,0,0
1515818716,s2-eth1,6195288.00,151182.00,6346470.00,151182,6195288,4092.00,2043.00,6135.00,2043,4092,0.00,0.00,0,0
1515818716,lo,0.00,0.00,0.00,0,0,0.00,0.00,0.00,0,0,0.00,0.00,0,0
1515818716,s4,0.00,0.00,0.00,0,0,0.00,0.00,0.00,0,0,0.00,0.00,0,0
1515818716,s3-eth2,151108.00,6198316.00,6349424.00,6198316,151108,2042.00,4094.00,6136.00,4094,2042,0.00,0.00,0,0
1515818716,s3-eth1,6196802.00,151108.00,6347910.00,151108,6196802,4093.00,2042.00,6135.00,2042,4093,0.00,0.00,0,0
1515818716,total,19039262.00,19043878.00,38083140.00,19043878,19039262,18403.00,18407.00,36810.00,18407,18403,0.00,0.00,0,0
1515818717,s5,0.00,0.00,0.00,0,0,0.00,0.00,0.00,0,0,0.00,0.00,0,0
1515818717,s1,0.00,342.00,342.00,342,0,0.00,1.00,1.00,1,0,0.00,0.00,0,0
1515818717,eth0,0.00,0.00,0.00,0,0,0.00,0.00,0.00,0,0,0.00,0.00,0,0
1515818717,eth1,0.00,0.00,0.00,0,0,0.00,0.00,0.00,0,0,0.00,0.00,0,0
1515818717,s2,0.00,0.00,0.00,0,0,0.00,0.00,0.00,0,0,0.00,0.00,0,0
1515818717,s1-eth2,151330.00,6189574.00,6340904.00,6189574,151330,2045.00,4089.00,6134.00,4089,2045,0.00,0.00,0,0
1515818717,s1-eth1,6192602.00,151330.00,6343932.00,151330,6192602,4091.00,2045.00,6136.00,2045,4091,0.00,0.00,0,0
1515818717,s3,0.00,0.00,0.00,0,0,0.00,0.00,0.00,0,0,0.00,0.00,0,0
1515818717,s2-eth2,151330.00,6187718.00,6339048.00,6187718,151330,2045.00,4087.00,6132.00,4087,2045,0.00,0.00,0,0
1515818717,s2-eth1,6189574.00,151330.00,6340904.00,151330,6189574,4089.00,2045.00,6134.00,2045,4089,0.00,0.00,0,0
1515818717,lo,326.00,326.00,652.00,326,326,3.00,3.00,6.00,3,3,0.00,0.00,0,0
1515818717,s4,0.00,0.00,0.00,0,0,0.00,0.00,0.00,0,0,0.00,0.00,0,0
1515818717,s3-eth2,151330.00,6187718.00,6339048.00,6187718,151330,2045.00,4087.00,6132.00,4087,2045,0.00,0.00,0,0
1515818717,s3-eth1,6187718.00,151330.00,6339048.00,151330,6187718,4087.00,2045.00,6132.00,2045,4087,0.00,0.00,0,0
1515818717,total,19024210.00,19019668.00,38043880.00,19019668,19024210,18405.00,18402.00,36807.00,18402,18405,0.00,0.00,0,0
1515818718,s5,0.00,0.00,0.00,0,0,0.00,0.00,0.00,0,0,0.00,0.00,0,0
1515818718,s1,0.00,342.00,342.00,342,0,0.00,1.00,1.00,1,0,0.00,0.00,0,0
1515818718,eth0,0.00,0.00,0.00,0,0,0.00,0.00,0.00,0,0,0.00,0.00,0,0
1515818718,eth1,0.00,0.00,0.00,0,0,0.00,0.00,0.00,0,0,0.00,0.00,0,0
1515818718,s2,0.00,342.00,342.00,342,0,0.00,1.00,1.00,1,0,0.00,0.00,0,0
1515818718,s1-eth2,151996.00,6224396.00,6376392.00,6224396,151996,2054.00,4112.00,6166.00,4112,2054,0.00,0.00,0,0
1515818718,s1-eth1,6221368.00,152070.00,6373438.00,152070,6221368,4110.00,2055.00,6165.00,2055,4110,0.00,0.00,0,0
1515818718,s3,0.00,0.00,0.00,0,0,0.00,0.00,0.00,0,0,0.00,0.00,0,0
1515818718,s2-eth2,151996.00,6224396.00,6376392.00,6224396,151996,2054.00,4112.00,6166.00,4112,2054,0.00,0.00,0,0
1515818718,s2-eth1,6224396.00,151996.00,6376392.00,151996,6224396,4112.00,2054.00,6166.00,2054,4112,0.00,0.00,0,0
1515818718,lo,652.00,652.00,1304.00,652,652,6.00,6.00,12.00,6,6,0.00,0.00,0,0
1515818718,s4,0.00,0.00,0.00,0,0,0.00,0.00,0.00,0,0,0.00,0.00,0,0
1515818718,s3-eth2,152412.00,6222540.00,6374952.00,6222540,152412,2056.00,4110.00,6166.00,4110,2056,0.00,0.00,0,0
1515818718,s3-eth1,6224396.00,151996.00,6376392.00,151996,6224396,4112.00,2054.00,6166.00,2054,4112,0.00,0.00,0,0
1515818718,total,19127216.00,19128730.00,38255944.00,19128730,19127216,18504.00,18505.00,37009.00,18505,18504,0.00,0.00,0,0
1515818719,s5,0.00,0.00,0.00,0,0,0.00,0.00,0.00,0,0,0.00,0.00,0,0
1515818719,s1,0.00,0.00,0.00,0,0,0.00,0.00,0.00,0,0,0.00,0.00,0,0
1515818719,eth0,0.00,0.00,0.00,0,0,0.00,0.00,0.00,0,0,0.00,0.00,0,0
1515818719,eth1,0.00,0.00,0.00,0,0,0.00,0.00,0.00,0,0,0.00,0.00,0,0
1515818719,s2,0.00,0.00,0.00,0,0,0.00,0.00,0.00,0,0,0.00,0.00,0,0
1515818719,s1-eth2,151552.00,6202858.00,6354410.00,6202858,151552,2048.00,4097.00,6145.00,4097,2048,0.00,0.00,0,0
1515818719,s1-eth1,6201344.00,151552.00,6352896.00,151552,6201344,4096.00,2048.00,6144.00,2048,4096,0.00,0.00,0,0
1515818719,s3,0.00,0.00,0.00,0,0,0.00,0.00,0.00,0,0,0.00,0.00,0,0
1515818719,s2-eth2,151626.00,6202858.00,6354484.00,6202858,151626,2049.00,4097.00,6146.00,4097,2049,0.00,0.00,0,0
1515818719,s2-eth1,6202858.00,151552.00,6354410.00,151552,6202858,4097.00,2048.00,6145.00,2048,4097,0.00,0.00,0,0
1515818719,lo,516.00,516.00,1032.00,516,516,9.00,9.00,18.00,9,9,0.00,0.00,0,0
1515818719,s4,0.00,0.00,0.00,0,0,0.00,0.00,0.00,0,0,0.00,0.00,0,0
1515818719,s3-eth2,151552.00,6208914.00,6360466.00,6208914,151552,2048.00,4101.00,6149.00,4101,2048,0.00,0.00,0,0
1515818719,s3-eth1,6202858.00,151626.00,6354484.00,151626,6202858,4097.00,2049.00,6146.00,2049,4097,0.00,0.00,0,0
1515818719,total,19062306.00,19069876.00,38132184.00,19069876,19062306,18444.00,18449.00,36893.00,18449,18444,0.00,0.00,0,0
1515818720,s5,0.00,0.00,0.00,0,0,0.00,0.00,0.00,0,0,0.00,0.00,0,0
1515818720,s1,0.00,0.00,0.00,0,0,0.00,0.00,0.00,0,0,0.00,0.00,0,0
1515818720,eth0,0.00,0.00,0.00,0,0,0.00,0.00,0.00,0,0,0.00,0.00,0,0
1515818720,eth1,0.00,0.00,0.00,0,0,0.00,0.00,0.00,0,0,0.00,0.00,0,0
1515818720,s2,0.00,0.00,0.00,0,0,0.00,0.00,0.00,0,0,0.00,0.00,0,0
1515818720,s1-eth2,151552.00,6199830.00,6351382.00,6199830,151552,2048.00,4095.00,6143.00,4095,2048,0.00,0.00,0,0
1515818720,s1-eth1,6199830.00,151552.00,6351382.00,151552,6199830,4095.00,2048.00,6143.00,2048,4095,0.00,0.00,0,0
1515818720,s3,0.00,0.00,0.00,0,0,0.00,0.00,0.00,0,0,0.00,0.00,0,0
1515818720,s2-eth2,151478.00,6201344.00,6352822.00,6201344,151478,2047.00,4096.00,6143.00,4096,2047,0.00,0.00,0,0
1515818720,s2-eth1,6199830.00,151552.00,6351382.00,151552,6199830,4095.00,2048.00,6143.00,2048,4095,0.00,0.00,0,0
1515818720,lo,0.00,0.00,0.00,0,0,0.00,0.00,0.00,0,0,0.00,0.00,0,0
1515818720,s4,0.00,0.00,0.00,0,0,0.00,0.00,0.00,0,0,0.00,0.00,0,0
1515818720,s3-eth2,151552.00,6202858.00,6354410.00,6202858,151552,2048.00,4097.00,6145.00,4097,2048,0.00,0.00,0,0
1515818720,s3-eth1,6201344.00,151478.00,6352822.00,151478,6201344,4096.00,2047.00,6143.00,2047,4096,0.00,0.00,0,0
1515818720,total,19055586.00,19058614.00,38114200.00,19058614,19055586,18429.00,18431.00,36860.00,18431,18429,0.00,0.00,0,0
1515818721,s5,0.00,0.00,0.00,0,0,0.00,0.00,0.00,0,0,0.00,0.00,0,0
1515818721,s1,0.00,0.00,0.00,0,0,0.00,0.00,0.00,0,0,0.00,0.00,0,0
1515818721,eth0,0.00,0.00,0.00,0,0,0.00,0.00,0.00,0,0,0.00,0.00,0,0
1515818721,eth1,0.00,0.00,0.00,0,0,0.00,0.00,0.00,0,0,0.00,0.00,0,0
1515818721,s2,0.00,0.00,0.00,0,0,0.00,0.00,0.00,0,0,0.00,0.00,0,0
1515818721,s1-eth2,152662.00,6243736.00,6396398.00,6243736,152662,2063.00,4124.00,6187.00,4124,2063,0.00,0.00,0,0
1515818721,s1-eth1,6246764.00,152588.00,6399352.00,152588,6246764,4126.00,2062.00,6188.00,2062,4126,0.00,0.00,0,0
1515818721,s3,0.00,0.00,0.00,0,0,0.00,0.00,0.00,0,0,0.00,0.00,0,0
1515818721,s2-eth2,152662.00,6243736.00,6396398.00,6243736,152662,2063.00,4124.00,6187.00,4124,2063,0.00,0.00,0,0
1515818721,s2-eth1,6243736.00,152662.00,6396398.00,152662,6243736,4124.00,2063.00,6187.00,2063,4124,0.00,0.00,0,0
1515818721,lo,0.00,0.00,0.00,0,0,0.00,0.00,0.00,0,0,0.00,0.00,0,0
1515818721,s4,0.00,0.00,0.00,0,0,0.00,0.00,0.00,0,0,0.00,0.00,0,0
1515818721,s3-eth2,152588.00,6245250.00,6397838.00,6245250,152588,2062.00,4125.00,6187.00,4125,2062,0.00,0.00,0,0
1515818721,s3-eth1,6243736.00,152662.00,6396398.00,152662,6243736,4124.00,2063.00,6187.00,2063,4124,0.00,0.00,0,0
1515818721,total,19192148.00,19190634.00,38382784.00,19190634,19192148,18562.00,18561.00,37123.00,18561,18562,0.00,0.00,0,0
1515818722,s5,0.00,0.00,0.00,0,0,0.00,0.00,0.00,0,0,0.00,0.00,0,0
1515818722,s1,0.00,0.00,0.00,0,0,0.00,0.00,0.00,0,0,0.00,0.00,0,0
1515818722,eth0,0.00,0.00,0.00,0,0,0.00,0.00,0.00,0,0,0.00,0.00,0,0
1515818722,eth1,0.00,0.00,0.00,0,0,0.00,0.00,0.00,0,0,0.00,0.00,0,0
1515818722,s2,0.00,0.00,0.00,0,0,0.00,0.00,0.00,0,0,0.00,0.00,0,0
1515818722,s1-eth2,151108.00,6180148.00,6331256.00,6180148,151108,2042.00,4082.00,6124.00,4082,2042,0.00,0.00,0,0
1515818722,s1-eth1,6178634.00,151108.00,6329742.00,151108,6178634,4081.00,2042.00,6123.00,2042,4081,0.00,0.00,0,0
1515818722,s3,0.00,342.00,342.00,342,0,0.00,1.00,1.00,1,0,0.00,0.00,0,0
1515818722,s2-eth2,151524.00,6178634.00,6330158.00,6178634,151524,2044.00,4081.00,6125.00,4081,2044,0.00,0.00,0,0
1515818722,s2-eth1,6180148.00,151108.00,6331256.00,151108,6180148,4082.00,2042.00,6124.00,2042,4082,0.00,0.00,0,0
1515818722,lo,670.00,670.00,1340.00,670,670,9.00,9.00,18.00,9,9,0.00,0.00,0,0
1515818722,s4,0.00,0.00,0.00,0,0,0.00,0.00,0.00,0,0,0.00,0.00,0,0
1515818722,s3-eth2,151524.00,6181662.00,6333186.00,6181662,151524,2044.00,4083.00,6127.00,4083,2044,0.00,0.00,0,0
1515818722,s3-eth1,6178634.00,151524.00,6330158.00,151524,6178634,4081.00,2044.00,6125.00,2044,4081,0.00,0.00,0,0
1515818722,total,18992242.00,18995196.00,37987440.00,18995196,18992242,18383.00,18384.00,36767.00,18384,18383,0.00,0.00,0,0
1515818723,s5,0.00,0.00,0.00,0,0,0.00,0.00,0.00,0,0,0.00,0.00,0,0
1515818723,s1,0.00,0.00,0.00,0,0,0.00,0.00,0.00,0,0,0.00,0.00,0,0
1515818723,eth0,0.00,0.00,0.00,0,0,0.00,0.00,0.00,0,0,0.00,0.00,0,0
1515818723,eth1,0.00,0.00,0.00,0,0,0.00,0.00,0.00,0,0,0.00,0.00,0,0
1515818723,s2,0.00,0.00,0.00,0,0,0.00,0.00,0.00,0,0,0.00,0.00,0,0
1515818723,s1-eth2,149628.00,6128672.00,6278300.00,6128672,149628,2022.00,4048.00,6070.00,4048,2022,0.00,0.00,0,0
1515818723,s1-eth1,6128672.00,149702.00,6278374.00,149702,6128672,4048.00,2023.00,6071.00,2023,4048,0.00,0.00,0,0
1515818723,s3,0.00,0.00,0.00,0,0,0.00,0.00,0.00,0,0,0.00,0.00,0,0
1515818723,s2-eth2,149554.00,6133214.00,6282768.00,6133214,149554,2021.00,4051.00,6072.00,4051,2021,0.00,0.00,0,0
1515818723,s2-eth1,6128672.00,149628.00,6278300.00,149628,6128672,4048.00,2022.00,6070.00,2022,4048,0.00,0.00,0,0
1515818723,lo,0.00,0.00,0.00,0,0,0.00,0.00,0.00,0,0,0.00,0.00,0,0
1515818723,s4,0.00,0.00,0.00,0,0,0.00,0.00,0.00,0,0,0.00,0.00,0,0
1515818723,s3-eth2,149628.00,6133214.00,6282842.00,6133214,149628,2022.00,4051.00,6073.00,4051,2022,0.00,0.00,0,0
1515818723,s3-eth1,6133214.00,149554.00,6282768.00,149554,6133214,4051.00,2021.00,6072.00,2021,4051,0.00,0.00,0,0
1515818723,total,18839368.00,18843984.00,37683352.00,18843984,18839368,18212.00,18216.00,36428.00,18216,18212,0.00,0.00,0,0
1515818724,s5,0.00,0.00,0.00,0,0,0.00,0.00,0.00,0,0,0.00,0.00,0,0
1515818724,s1,0.00,0.00,0.00,0,0,0.00,0.00,0.00,0,0,0.00,0.00,0,0
1515818724,eth0,0.00,0.00,0.00,0,0,0.00,0.00,0.00,0,0,0.00,0.00,0,0
1515818724,eth1,0.00,0.00,0.00,0,0,0.00,0.00,0.00,0,0,0.00,0.00,0,0
1515818724,s2,0.00,342.00,342.00,342,0,0.00,1.00,1.00,1,0,0.00,0.00,0,0
1515818724,s1-eth2,150826.00,6151424.00,6302250.00,6151424,150826,2035.00,4064.00,6099.00,4064,2035,0.00,0.00,0,0
1515818724,s1-eth1,6150252.00,150336.00,6300588.00,150336,6150252,4064.00,2032.00,6096.00,2032,4064,0.00,0.00,0,0
1515818724,s3,0.00,342.00,342.00,342,0,0.00,1.00,1.00,1,0,0.00,0.00,0,0
1515818724,s2-eth2,150900.00,6151424.00,6302324.00,6151424,150900,2036.00,4064.00,6100.00,4064,2036,0.00,0.00,0,0
1515818724,s2-eth1,6151424.00,150826.00,6302250.00,150826,6151424,4064.00,2035.00,6099.00,2035,4064,0.00,0.00,0,0
1515818724,lo,1884.00,1884.00,3768.00,1884,1884,21.00,21.00,42.00,21,21,0.00,0.00,0,0
1515818724,s4,0.00,0.00,0.00,0,0,0.00,0.00,0.00,0,0,0.00,0.00,0,0
1515818724,s3-eth2,150974.00,6151424.00,6302398.00,6151424,150974,2037.00,4064.00,6101.00,4064,2037,0.00,0.00,0,0
1515818724,s3-eth1,6151424.00,150900.00,6302324.00,150900,6151424,4064.00,2036.00,6100.00,2036,4064,0.00,0.00,0,0
1515818724,total,18907684.00,18908902.00,37816584.00,18908902,18907684,18321.00,18318.00,36639.00,18318,18321,0.00,0.00,0,0
1515818725,s5,0.00,0.00,0.00,0,0,0.00,0.00,0.00,0,0,0.00,0.00,0,0
1515818725,s1,0.00,0.00,0.00,0,0,0.00,0.00,0.00,0,0,0.00,0.00,0,0
1515818725,eth0,0.00,0.00,0.00,0,0,0.00,0.00,0.00,0,0,0.00,0.00,0,0
1515818725,eth1,0.00,0.00,0.00,0,0,0.00,0.00,0.00,0,0,0.00,0.00,0,0
1515818725,s2,0.00,0.00,0.00,0,0,0.00,0.00,0.00,0,0,0.00,0.00,0,0
1515818725,s1-eth2,150960.00,6181662.00,6332622.00,6181662,150960,2040.00,4083.00,6123.00,4083,2040,0.00,0.00,0,0
1515818725,s1-eth1,6181662.00,151108.00,6332770.00,151108,6181662,4083.00,2042.00,6125.00,2042,4083,0.00,0.00,0,0
1515818725,s3,0.00,0.00,0.00,0,0,0.00,0.00,0.00,0,0,0.00,0.00,0,0
1515818725,s2-eth2,150886.00,6178634.00,6329520.00,6178634,150886,2039.00,4081.00,6120.00,4081,2039,0.00,0.00,0,0
1515818725,s2-eth1,6181662.00,150960.00,6332622.00,150960,6181662,4083.00,2040.00,6123.00,2040,4083,0.00,0.00,0,0
1515818725,lo,0.00,0.00,0.00,0,0,0.00,0.00,0.00,0,0,0.00,0.00,0,0
1515818725,s4,0.00,0.00,0.00,0,0,0.00,0.00,0.00,0,0,0.00,0.00,0,0
1515818725,s3-eth2,150886.00,6178634.00,6329520.00,6178634,150886,2039.00,4081.00,6120.00,4081,2039,0.00,0.00,0,0
1515818725,s3-eth1,6178634.00,150886.00,6329520.00,150886,6178634,4081.00,2039.00,6120.00,2039,4081,0.00,0.00,0,0
1515818725,total,18994690.00,18991884.00,37986576.00,18991884,18994690,18365.00,18366.00,36731.00,18366,18365,0.00,0.00,0,0
1515818726,s5,0.00,0.00,0.00,0,0,0.00,0.00,0.00,0,0,0.00,0.00,0,0
1515818726,s1,0.00,0.00,0.00,0,0,0.00,0.00,0.00,0,0,0.00,0.00,0,0
1515818726,eth0,0.00,0.00,0.00,0,0,0.00,0.00,0.00,0,0,0.00,0.00,0,0
1515818726,eth1,0.00,0.00,0.00,0,0,0.00,0.00,0.00,0,0,0.00,0.00,0,0
1515818726,s2,0.00,0.00,0.00,0,0,0.00,0.00,0.00,0,0,0.00,0.00,0,0
1515818726,s1-eth2,150886.00,6180148.00,6331034.00,6180148,150886,2039.00,4082.00,6121.00,4082,2039,0.00,0.00,0,0
1515818726,s1-eth1,6175606.00,150886.00,6326492.00,150886,6175606,4079.00,2039.00,6118.00,2039,4079,0.00,0.00,0,0
1515818726,s3,0.00,0.00,0.00,0,0,0.00,0.00,0.00,0,0,0.00,0.00,0,0
1515818726,s2-eth2,150960.00,6178634.00,6329594.00,6178634,150960,2040.00,4081.00,6121.00,4081,2040,0.00,0.00,0,0
1515818726,s2-eth1,6180148.00,150886.00,6331034.00,150886,6180148,4082.00,2039.00,6121.00,2039,4082,0.00,0.00,0,0
1515818726,lo,0.00,0.00,0.00,0,0,0.00,0.00,0.00,0,0,0.00,0.00,0,0
1515818726,s4,0.00,0.00,0.00,0,0,0.00,0.00,0.00,0,0,0.00,0.00,0,0
1515818726,s3-eth2,150812.00,6178634.00,6329446.00,6178634,150812,2038.00,4081.00,6119.00,4081,2038,0.00,0.00,0,0
1515818726,s3-eth1,6178634.00,150960.00,6329594.00,150960,6178634,4081.00,2040.00,6121.00,2040,4081,0.00,0.00,0,0
1515818726,total,18987046.00,18990148.00,37977192.00,18990148,18987046,18359.00,18362.00,36721.00,18362,18359,0.00,0.00,0,0
1515818727,s5,0.00,0.00,0.00,0,0,0.00,0.00,0.00,0,0,0.00,0.00,0,0
1515818727,s1,0.00,0.00,0.00,0,0,0.00,0.00,0.00,0,0,0.00,0.00,0,0
1515818727,eth0,0.00,0.00,0.00,0,0,0.00,0.00,0.00,0,0,0.00,0.00,0,0
1515818727,eth1,0.00,0.00,0.00,0,0,0.00,0.00,0.00,0,0,0.00,0.00,0,0
1515818727,s2,0.00,0.00,0.00,0,0,0.00,0.00,0.00,0,0,0.00,0.00,0,0
1515818727,s1-eth2,152292.00,6231624.00,6383916.00,6231624,152292,2058.00,4116.00,6174.00,4116,2058,0.00,0.00,0,0
1515818727,s1-eth1,6231624.00,152292.00,6383916.00,152292,6231624,4116.00,2058.00,6174.00,2058,4116,0.00,0.00,0,0
1515818727,s3,0.00,0.00,0.00,0,0,0.00,0.00,0.00,0,0,0.00,0.00,0,0
1515818727,s2-eth2,152292.00,6231624.00,6383916.00,6231624,152292,2058.00,4116.00,6174.00,4116,2058,0.00,0.00,0,0
1515818727,s2-eth1,6231624.00,152292.00,6383916.00,152292,6231624,4116.00,2058.00,6174.00,2058,4116,0.00,0.00,0,0
1515818727,lo,0.00,0.00,0.00,0,0,0.00,0.00,0.00,0,0,0.00,0.00,0,0
1515818727,s4,0.00,0.00,0.00,0,0,0.00,0.00,0.00,0,0,0.00,0.00,0,0
1515818727,s3-eth2,152292.00,6225568.00,6377860.00,6225568,152292,2058.00,4112.00,6170.00,4112,2058,0.00,0.00,0,0
1515818727,s3-eth1,6231624.00,152292.00,6383916.00,152292,6231624,4116.00,2058.00,6174.00,2058,4116,0.00,0.00,0,0
1515818727,total,19151748.00,19145692.00,38297440.00,19145692,19151748,18522.00,18518.00,37040.00,18518,18522,0.00,0.00,0,0
1515818728,s5,0.00,0.00,0.00,0,0,0.00,0.00,0.00,0,0,0.00,0.00,0,0
1515818728,s1,0.00,0.00,0.00,0,0,0.00,0.00,0.00,0,0,0.00,0.00,0,0
1515818728,eth0,0.00,0.00,0.00,0,0,0.00,0.00,0.00,0,0,0.00,0.00,0,0
1515818728,eth1,0.00,0.00,0.00,0,0,0.00,0.00,0.00,0,0,0.00,0.00,0,0
1515818728,s2,0.00,0.00,0.00,0,0,0.00,0.00,0.00,0,0,0.00,0.00,0,0
1515818728,s1-eth2,148962.00,6093850.00,6242812.00,6093850,148962,2013.00,4025.00,6038.00,4025,2013,0.00,0.00,0,0
1515818728,s1-eth1,6095364.00,148962.00,6244326.00,148962,6095364,4026.00,2013.00,6039.00,2013,4026,0.00,0.00,0,0
1515818728,s3,0.00,0.00,0.00,0,0,0.00,0.00,0.00,0,0,0.00,0.00,0,0
1515818728,s2-eth2,148962.00,6096878.00,6245840.00,6096878,148962,2013.00,4027.00,6040.00,4027,2013,0.00,0.00,0,0
1515818728,s2-eth1,6093850.00,148962.00,6242812.00,148962,6093850,4025.00,2013.00,6038.00,2013,4025,0.00,0.00,0,0
1515818728,lo,516.00,516.00,1032.00,516,516,9.00,9.00,18.00,9,9,0.00,0.00,0,0
1515818728,s4,0.00,0.00,0.00,0,0,0.00,0.00,0.00,0,0,0.00,0.00,0,0
1515818728,s3-eth2,148962.00,6099906.00,6248868.00,6099906,148962,2013.00,4029.00,6042.00,4029,2013,0.00,0.00,0,0
1515818728,s3-eth1,6096878.00,148962.00,6245840.00,148962,6096878,4027.00,2013.00,6040.00,2013,4027,0.00,0.00,0,0
1515818728,total,18733494.00,18738036.00,37471528.00,18738036,18733494,18126.00,18129.00,36255.00,18129,18126,0.00,0.00,0,0
1515818729,s5,0.00,0.00,0.00,0,0,0.00,0.00,0.00,0,0,0.00,0.00,0,0
1515818729,s1,0.00,0.00,0.00,0,0,0.00,0.00,0.00,0,0,0.00,0.00,0,0
1515818729,eth0,576.00,618.00,1194.00,618,576,6.00,5.00,11.00,5,6,0.00,0.00,0,0
1515818729,eth1,0.00,0.00,0.00,0,0,0.00,0.00,0.00,0,0,0.00,0.00,0,0
1515818729,s2,0.00,0.00,0.00,0,0,0.00,0.00,0.00,0,0,0.00,0.00,0,0
1515818729,s1-eth2,150590.00,6163494.00,6314084.00,6163494,150590,2035.00,4071.00,6106.00,4071,2035,0.00,0.00,0,0
1515818729,s1-eth1,6161980.00,150590.00,6312570.00,150590,6161980,4070.00,2035.00,6105.00,2035,4070,0.00,0.00,0,0
1515818729,s3,0.00,0.00,0.00,0,0,0.00,0.00,0.00,0,0,0.00,0.00,0,0
1515818729,s2-eth2,150590.00,6161980.00,6312570.00,6161980,150590,2035.00,4070.00,6105.00,4070,2035,0.00,0.00,0,0
1515818729,s2-eth1,6163494.00,150590.00,6314084.00,150590,6163494,4071.00,2035.00,6106.00,2035,4071,0.00,0.00,0,0
1515818729,lo,1026.00,1026.00,2052.00,1026,1026,14.00,14.00,28.00,14,14,0.00,0.00,0,0
1515818729,s4,0.00,0.00,0.00,0,0,0.00,0.00,0.00,0,0,0.00,0.00,0,0
1515818729,s3-eth2,150590.00,6161980.00,6312570.00,6161980,150590,2035.00,4070.00,6105.00,4070,2035,0.00,0.00,0,0
1515818729,s3-eth1,6161980.00,150590.00,6312570.00,150590,6161980,4070.00,2035.00,6105.00,2035,4070,0.00,0.00,0,0
1515818729,total,18940826.00,18940868.00,37881696.00,18940868,18940826,18336.00,18335.00,36671.00,18335,18336,0.00,0.00,0,0
1515818730,s5,0.00,0.00,0.00,0,0,0.00,0.00,0.00,0,0,0.00,0.00,0,0
1515818730,s1,0.00,0.00,0.00,0,0,0.00,0.00,0.00,0,0,0.00,0.00,0,0
1515818730,eth0,152.00,245.00,397.00,245,152,2.00,2.00,4.00,2,2,0.00,0.00,0,0
1515818730,eth1,0.00,0.00,0.00,0,0,0.00,0.00,0.00,0,0,0.00,0.00,0,0
1515818730,s2,0.00,107.00,107.00,107,0,0.00,1.00,1.00,1,0,0.00,0.00,0,0
1515818730,s1-eth2,152399.00,6233138.00,6385537.00,6233138,152399,2059.00,4117.00,6176.00,4117,2059,0.00,0.00,0,0
1515818730,s1-eth1,6231731.00,152292.00,6384023.00,152292,6231731,4117.00,2058.00,6175.00,2058,4117,0.00,0.00,0,0
1515818730,s3,0.00,107.00,107.00,107,0,0.00,1.00,1.00,1,0,0.00,0.00,0,0
1515818730,s2-eth2,152399.00,6231624.00,6384023.00,6231624,152399,2059.00,4116.00,6175.00,4116,2059,0.00,0.00,0,0
1515818730,s2-eth1,6233138.00,152399.00,6385537.00,152399,6233138,4117.00,2059.00,6176.00,2059,4117,0.00,0.00,0,0
1515818730,lo,951.00,951.00,1902.00,951,951,10.00,10.00,20.00,10,10,0.00,0.00,0,0
1515818730,s4,0.00,0.00,0.00,0,0,0.00,0.00,0.00,0,0,0.00,0.00,0,0
1515818730,s3-eth2,152399.00,6231624.00,6384023.00,6231624,152399,2059.00,4116.00,6175.00,4116,2059,0.00,0.00,0,0
1515818730,s3-eth1,6231624.00,152399.00,6384023.00,152399,6231624,4116.00,2059.00,6175.00,2059,4116,0.00,0.00,0,0
1515818730,total,19154792.00,19154886.00,38309680.00,19154886,19154793,18539.00,18539.00,37078.00,18539,18539,0.00,0.00,0,0
1515818731,s5,0.00,0.00,0.00,0,0,0.00,0.00,0.00,0,0,0.00,0.00,0,0
1515818731,s1,0.00,214.00,214.00,214,0,0.00,2.00,2.00,2,0,0.00,0.00,0,0
1515818731,eth0,0.00,0.00,0.00,0,0,0.00,0.00,0.00,0,0,0.00,0.00,0,0
1515818731,eth1,0.00,0.00,0.00,0,0,0.00,0.00,0.00,0,0,0.00,0.00,0,0
1515818731,s2,0.00,107.00,107.00,107,0,0.00,1.00,1.00,1,0,0.00,0.00,0,0
1515818731,s1-eth2,152588.00,6240922.00,6393510.00,6240922,152588,2062.00,4124.00,6186.00,4124,2062,0.00,0.00,0,0
1515818731,s1-eth1,6243950.00,152588.00,6396538.00,152588,6243950,4126.00,2062.00,6188.00,2062,4126,0.00,0.00,0,0
1515818731,s3,0.00,107.00,107.00,107,0,0.00,1.00,1.00,1,0,0.00,0.00,0,0
1515818731,s2-eth2,152695.00,6242329.00,6395024.00,6242329,152695,2063.00,4124.00,6187.00,4124,2063,0.00,0.00,0,0
1515818731,s2-eth1,6240922.00,152588.00,6393510.00,152588,6240922,4124.00,2062.00,6186.00,2062,4124,0.00,0.00,0,0
1515818731,lo,1220.00,1220.00,2440.00,1220,1220,12.00,12.00,24.00,12,12,0.00,0.00,0,0
1515818731,s4,0.00,0.00,0.00,0,0,0.00,0.00,0.00,0,0,0.00,0.00,0,0
1515818731,s3-eth2,152802.00,6242222.00,6395024.00,6242222,152802,2064.00,4123.00,6187.00,4123,2064,0.00,0.00,0,0
1515818731,s3-eth1,6242329.00,152695.00,6395024.00,152695,6242329,4124.00,2063.00,6187.00,2063,4124,0.00,0.00,0,0
1515818731,total,19186506.00,19184992.00,38371496.00,19184992,19186506,18575.00,18574.00,37149.00,18574,18575,0.00,0.00,0,0
1515818732,s5,0.00,0.00,0.00,0,0,0.00,0.00,0.00,0,0,0.00,0.00,0,0
1515818732,s1,0.00,0.00,0.00,0,0,0.00,0.00,0.00,0,0,0.00,0.00,0,0
1515818732,eth0,0.00,0.00,0.00,0,0,0.00,0.00,0.00,0,0,0.00,0.00,0,0
1515818732,eth1,0.00,0.00,0.00,0,0,0.00,0.00,0.00,0,0,0.00,0.00,0,0
1515818732,s2,0.00,0.00,0.00,0,0,0.00,0.00,0.00,0,0,0.00,0.00,0,0
1515818732,s1-eth2,150664.00,6158952.00,6309616.00,6158952,150664,2036.00,4068.00,6104.00,4068,2036,0.00,0.00,0,0
1515818732,s1-eth1,6163494.00,150664.00,6314158.00,150664,6163494,4071.00,2036.00,6107.00,2036,4071,0.00,0.00,0,0
1515818732,s3,0.00,0.00,0.00,0,0,0.00,0.00,0.00,0,0,0.00,0.00,0,0
1515818732,s2-eth2,150590.00,6155924.00,6306514.00,6155924,150590,2035.00,4066.00,6101.00,4066,2035,0.00,0.00,0,0
1515818732,s2-eth1,6158952.00,150664.00,6309616.00,150664,6158952,4068.00,2036.00,6104.00,2036,4068,0.00,0.00,0,0
1515818732,lo,0.00,0.00,0.00,0,0,0.00,0.00,0.00,0,0,0.00,0.00,0,0
1515818732,s4,0.00,0.00,0.00,0,0,0.00,0.00,0.00,0,0,0.00,0.00,0,0
1515818732,s3-eth2,151006.00,6155924.00,6306930.00,6155924,151006,2037.00,4066.00,6103.00,4066,2037,0.00,0.00,0,0
1515818732,s3-eth1,6155924.00,150590.00,6306514.00,150590,6155924,4066.00,2035.00,6101.00,2035,4066,0.00,0.00,0,0
1515818732,total,18930630.00,18922718.00,37853348.00,18922718,18930630,18313.00,18307.00,36620.00,18307,18313,0.00,0.00,0,0
1515818733,s5,0.00,0.00,0.00,0,0,0.00,0.00,0.00,0,0,0.00,0.00,0,0
1515818733,s1,0.00,342.00,342.00,342,0,0.00,1.00,1.00,1,0,0.00,0.00,0,0
1515818733,eth0,0.00,0.00,0.00,0,0,0.00,0.00,0.00,0,0,0.00,0.00,0,0
1515818733,eth1,0.00,0.00,0.00,0,0,0.00,0.00,0.00,0,0,0.00,0.00,0,0
1515818733,s2,0.00,684.00,684.00,684,0,0.00,2.00,2.00,2,0,0.00,0.00,0,0
1515818733,s1-eth2,151820.00,6195630.00,6347450.00,6195630,151820,2048.00,4093.00,6141.00,4093,2048,0.00,0.00,0,0
1515818733,s1-eth1,6197144.00,151404.00,6348548.00,151404,6197144,4094.00,2046.00,6140.00,2046,4094,0.00,0.00,0,0
1515818733,s3,0.00,342.00,342.00,342,0,0.00,1.00,1.00,1,0,0.00,0.00,0,0
1515818733,s2-eth2,151820.00,6197144.00,6348964.00,6197144,151820,2048.00,4094.00,6142.00,4094,2048,0.00,0.00,0,0
1515818733,s2-eth1,6195630.00,151820.00,6347450.00,151820,6195630,4093.00,2048.00,6141.00,2048,4093,0.00,0.00,0,0
1515818733,lo,1304.00,1304.00,2608.00,1304,1304,12.00,12.00,24.00,12,12,0.00,0.00,0,0
1515818733,s4,0.00,0.00,0.00,0,0,0.00,0.00,0.00,0,0,0.00,0.00,0,0
1515818733,s3-eth2,151746.00,6198316.00,6350062.00,6198316,151746,2047.00,4094.00,6141.00,4094,2047,0.00,0.00,0,0
1515818733,s3-eth1,6197144.00,151820.00,6348964.00,151820,6197144,4094.00,2048.00,6142.00,2048,4094,0.00,0.00,0,0
1515818733,total,19046608.00,19048806.00,38095416.00,19048806,19046608,18436.00,18439.00,36875.00,18439,18436,0.00,0.00,0,0
1515818734,s5,0.00,0.00,0.00,0,0,0.00,0.00,0.00,0,0,0.00,0.00,0,0
1515818734,s1,0.00,0.00,0.00,0,0,0.00,0.00,0.00,0,0,0.00,0.00,0,0
1515818734,eth0,146.00,138.00,284.00,138,146,2.00,2.00,4.00,2,2,0.00,0.00,0,0
1515818734,eth1,0.00,0.00,0.00,0,0,0.00,0.00,0.00,0,0,0.00,0.00,0,0
1515818734,s2,0.00,0.00,0.00,0,0,0.00,0.00,0.00,0,0,0.00,0.00,0,0
1515818734,s1-eth2,152662.00,6246764.00,6399426.00,6246764,152662,2063.00,4126.00,6189.00,4126,2063,0.00,0.00,0,0
1515818734,s1-eth1,6246764.00,152736.00,6399500.00,152736,6246764,4126.00,2064.00,6190.00,2064,4126,0.00,0.00,0,0
1515818734,s3,0.00,0.00,0.00,0,0,0.00,0.00,0.00,0,0,0.00,0.00,0,0
1515818734,s2-eth2,152662.00,6246764.00,6399426.00,6246764,152662,2063.00,4126.00,6189.00,4126,2063,0.00,0.00,0,0
1515818734,s2-eth1,6246764.00,152662.00,6399426.00,152662,6246764,4126.00,2063.00,6189.00,2063,4126,0.00,0.00,0,0
1515818734,lo,344.00,344.00,688.00,344,344,6.00,6.00,12.00,6,6,0.00,0.00,0,0
1515818734,s4,0.00,0.00,0.00,0,0,0.00,0.00,0.00,0,0,0.00,0.00,0,0
1515818734,s3-eth2,152736.00,6246764.00,6399500.00,6246764,152736,2064.00,4126.00,6190.00,4126,2064,0.00,0.00,0,0
1515818734,s3-eth1,6246764.00,152662.00,6399426.00,152662,6246764,4126.00,2063.00,6189.00,2063,4126,0.00,0.00,0,0
1515818734,total,19198842.00,19198834.00,38397676.00,19198834,19198842,18576.00,18576.00,37152.00,18576,18576,0.00,0.00,0,0
1515818735,s5,0.00,0.00,0.00,0,0,0.00,0.00,0.00,0,0,0.00,0.00,0,0
1515818735,s1,0.00,0.00,0.00,0,0,0.00,0.00,0.00,0,0,0.00,0.00,0,0
1515818735,eth0,0.00,0.00,0.00,0,0,0.00,0.00,0.00,0,0,0.00,0.00,0,0
1515818735,eth1,0.00,0.00,0.00,0,0,0.00,0.00,0.00,0,0,0.00,0.00,0,0
1515818735,s2,0.00,0.00,0.00,0,0,0.00,0.00,0.00,0,0,0.00,0.00,0,0
1515818735,s1-eth2,151256.00,6192260.00,6343516.00,6192260,151256,2044.00,4090.00,6134.00,4090,2044,0.00,0.00,0,0
1515818735,s1-eth1,6192260.00,151256.00,6343516.00,151256,6192260,4090.00,2044.00,6134.00,2044,4090,0.00,0.00,0,0
1515818735,s3,0.00,0.00,0.00,0,0,0.00,0.00,0.00,0,0,0.00,0.00,0,0
1515818735,s2-eth2,151330.00,6193774.00,6345104.00,6193774,151330,2045.00,4091.00,6136.00,4091,2045,0.00,0.00,0,0
1515818735,s2-eth1,6192260.00,151256.00,6343516.00,151256,6192260,4090.00,2044.00,6134.00,2044,4090,0.00,0.00,0,0
1515818735,lo,0.00,0.00,0.00,0,0,0.00,0.00,0.00,0,0,0.00,0.00,0,0
1515818735,s4,0.00,0.00,0.00,0,0,0.00,0.00,0.00,0,0,0.00,0.00,0,0
1515818735,s3-eth2,151330.00,6196802.00,6348132.00,6196802,151330,2045.00,4093.00,6138.00,4093,2045,0.00,0.00,0,0
1515818735,s3-eth1,6193774.00,151330.00,6345104.00,151330,6193774,4091.00,2045.00,6136.00,2045,4091,0.00,0.00,0,0
1515818735,total,19032210.00,19036678.00,38068888.00,19036678,19032210,18405.00,18407.00,36812.00,18407,18405,0.00,0.00,0,0
1515818736,s5,0.00,0.00,0.00,0,0,0.00,0.00,0.00,0,0,0.00,0.00,0,0
1515818736,s1,0.00,0.00,0.00,0,0,0.00,0.00,0.00,0,0,0.00,0.00,0,0
1515818736,eth0,0.00,0.00,0.00,0,0,0.00,0.00,0.00,0,0,0.00,0.00,0,0
1515818736,eth1,0.00,0.00,0.00,0,0,0.00,0.00,0.00,0,0,0.00,0.00,0,0
1515818736,s2,0.00,0.00,0.00,0,0,0.00,0.00,0.00,0,0,0.00,0.00,0,0
1515818736,s1-eth2,152810.00,6252820.00,6405630.00,6252820,152810,2065.00,4130.00,6195.00,4130,2065,0.00,0.00,0,0
1515818736,s1-eth1,6252820.00,152810.00,6405630.00,152810,6252820,4130.00,2065.00,6195.00,2065,4130,0.00,0.00,0,0
1515818736,s3,0.00,0.00,0.00,0,0,0.00,0.00,0.00,0,0,0.00,0.00,0,0
1515818736,s2-eth2,152736.00,6252820.00,6405556.00,6252820,152736,2064.00,4130.00,6194.00,4130,2064,0.00,0.00,0,0
1515818736,s2-eth1,6252820.00,152810.00,6405630.00,152810,6252820,4130.00,2065.00,6195.00,2065,4130,0.00,0.00,0,0
1515818736,lo,0.00,0.00,0.00,0,0,0.00,0.00,0.00,0,0,0.00,0.00,0,0
1515818736,s4,0.00,0.00,0.00,0,0,0.00,0.00,0.00,0,0,0.00,0.00,0,0
1515818736,s3-eth2,152736.00,6252820.00,6405556.00,6252820,152736,2064.00,4130.00,6194.00,4130,2064,0.00,0.00,0,0
1515818736,s3-eth1,6252820.00,152736.00,6405556.00,152736,6252820,4130.00,2064.00,6194.00,2064,4130,0.00,0.00,0,0
1515818736,total,19216742.00,19216816.00,38433560.00,19216816,19216742,18583.00,18584.00,37167.00,18584,18583,0.00,0.00,0,0
1515818737,s5,0.00,0.00,0.00,0,0,0.00,0.00,0.00,0,0,0.00,0.00,0,0
1515818737,s1,0.00,342.00,342.00,342,0,0.00,1.00,1.00,1,0,0.00,0.00,0,0
1515818737,eth0,0.00,0.00,0.00,0,0,0.00,0.00,0.00,0,0,0.00,0.00,0,0
1515818737,eth1,0.00,0.00,0.00,0,0,0.00,0.00,0.00,0,0,0.00,0.00,0,0
1515818737,s2,0.00,0.00,0.00,0,0,0.00,0.00,0.00,0,0,0.00,0.00,0,0
1515818737,s1-eth2,152662.00,6245592.00,6398254.00,6245592,152662,2063.00,4126.00,6189.00,4126,2063,0.00,0.00,0,0
1515818737,s1-eth1,6245592.00,152588.00,6398180.00,152588,6245592,4126.00,2062.00,6188.00,2062,4126,0.00,0.00,0,0
1515818737,s3,0.00,0.00,0.00,0,0,0.00,0.00,0.00,0,0,0.00,0.00,0,0
1515818737,s2-eth2,152662.00,6246764.00,6399426.00,6246764,152662,2063.00,4126.00,6189.00,4126,2063,0.00,0.00,0,0
1515818737,s2-eth1,6245592.00,152662.00,6398254.00,152662,6245592,4126.00,2063.00,6189.00,2063,4126,0.00,0.00,0,0
1515818737,lo,670.00,670.00,1340.00,670,670,9.00,9.00,18.00,9,9,0.00,0.00,0,0
1515818737,s4,0.00,0.00,0.00,0,0,0.00,0.00,0.00,0,0,0.00,0.00,0,0
1515818737,s3-eth2,152588.00,6246764.00,6399352.00,6246764,152588,2062.00,4126.00,6188.00,4126,2062,0.00,0.00,0,0
1515818737,s3-eth1,6246764.00,152662.00,6399426.00,152662,6246764,4126.00,2063.00,6189.00,2063,4126,0.00,0.00,0,0
1515818737,total,19196530.00,19198044.00,38394576.00,19198044,19196530,18575.00,18576.00,37151.00,18576,18575,0.00,0.00,0,0
1515818738,s5,0.00,0.00,0.00,0,0,0.00,0.00,0.00,0,0,0.00,0.00,0,0
1515818738,s1,0.00,0.00,0.00,0,0,0.00,0.00,0.00,0,0,0.00,0.00,0,0
1515818738,eth0,0.00,0.00,0.00,0,0,0.00,0.00,0.00,0,0,0.00,0.00,0,0
1515818738,eth1,0.00,0.00,0.00,0,0,0.00,0.00,0.00,0,0,0.00,0.00,0,0
1515818738,s2,0.00,0.00,0.00,0,0,0.00,0.00,0.00,0,0,0.00,0.00,0,0
1515818738,s1-eth2,150294.00,6154410.00,6304704.00,6154410,150294,2031.00,4065.00,6096.00,4065,2031,0.00,0.00,0,0
1515818738,s1-eth1,6151382.00,150368.00,6301750.00,150368,6151382,4063.00,2032.00,6095.00,2032,4063,0.00,0.00,0,0
1515818738,s3,0.00,0.00,0.00,0,0,0.00,0.00,0.00,0,0,0.00,0.00,0,0
1515818738,s2-eth2,150368.00,6152896.00,6303264.00,6152896,150368,2032.00,4064.00,6096.00,4064,2032,0.00,0.00,0,0
1515818738,s2-eth1,6154410.00,150294.00,6304704.00,150294,6154410,4065.00,2031.00,6096.00,2031,4065,0.00,0.00,0,0
1515818738,lo,144.00,144.00,288.00,144,144,2.00,2.00,4.00,2,2,0.00,0.00,0,0
1515818738,s4,0.00,0.00,0.00,0,0,0.00,0.00,0.00,0,0,0.00,0.00,0,0
1515818738,s3-eth2,150368.00,6152896.00,6303264.00,6152896,150368,2032.00,4064.00,6096.00,4064,2032,0.00,0.00,0,0
1515818738,s3-eth1,6152896.00,150368.00,6303264.00,150368,6152896,4064.00,2032.00,6096.00,2032,4064,0.00,0.00,0,0
1515818738,total,18909862.00,18911376.00,37821240.00,18911376,18909862,18289.00,18290.00,36579.00,18290,18289,0.00,0.00,0,0
1515818739,s5,0.00,0.00,0.00,0,0,0.00,0.00,0.00,0,0,0.00,0.00,0,0
1515818739,s1,0.00,0.00,0.00,0,0,0.00,0.00,0.00,0,0,0.00,0.00,0,0
1515818739,eth0,0.00,0.00,0.00,0,0,0.00,0.00,0.00,0,0,0.00,0.00,0,0
1515818739,eth1,0.00,0.00,0.00,0,0,0.00,0.00,0.00,0,0,0.00,0.00,0,0
1515818739,s2,0.00,0.00,0.00,0,0,0.00,0.00,0.00,0,0,0.00,0.00,0,0
1515818739,s1-eth2,152662.00,6246764.00,6399426.00,6246764,152662,2063.00,4126.00,6189.00,4126,2063,0.00,0.00,0,0
1515818739,s1-eth1,6246764.00,152662.00,6399426.00,152662,6246764,4126.00,2063.00,6189.00,2063,4126,0.00,0.00,0,0
1515818739,s3,0.00,0.00,0.00,0,0,0.00,0.00,0.00,0,0,0.00,0.00,0,0
1515818739,s2-eth2,152662.00,6246764.00,6399426.00,6246764,152662,2063.00,4126.00,6189.00,4126,2063,0.00,0.00,0,0
1515818739,s2-eth1,6246764.00,152662.00,6399426.00,152662,6246764,4126.00,2063.00,6189.00,2063,4126,0.00,0.00,0,0
1515818739,lo,344.00,344.00,688.00,344,344,6.00,6.00,12.00,6,6,0.00,0.00,0,0
1515818739,s4,0.00,0.00,0.00,0,0,0.00,0.00,0.00,0,0,0.00,0.00,0,0
1515818739,s3-eth2,152662.00,6246764.00,6399426.00,6246764,152662,2063.00,4126.00,6189.00,4126,2063,0.00,0.00,0,0
1515818739,s3-eth1,6246764.00,152662.00,6399426.00,152662,6246764,4126.00,2063.00,6189.00,2063,4126,0.00,0.00,0,0
1515818739,total,19198622.00,19198622.00,38397244.00,19198622,19198622,18573.00,18573.00,37146.00,18573,18573,0.00,0.00,0,0
1515818740,s5,0.00,0.00,0.00,0,0,0.00,0.00,0.00,0,0,0.00,0.00,0,0
1515818740,s1,0.00,0.00,0.00,0,0,0.00,0.00,0.00,0,0,0.00,0.00,0,0
1515818740,eth0,0.00,0.00,0.00,0,0,0.00,0.00,0.00,0,0,0.00,0.00,0,0
1515818740,eth1,0.00,0.00,0.00,0,0,0.00,0.00,0.00,0,0,0.00,0.00,0,0
1515818740,s2,0.00,0.00,0.00,0,0,0.00,0.00,0.00,0,0,0.00,0.00,0,0
1515818740,s1-eth2,152810.00,6252820.00,6405630.00,6252820,152810,2065.00,4130.00,6195.00,4130,2065,0.00,0.00,0,0
1515818740,s1-eth1,6251648.00,152810.00,6404458.00,152810,6251648,4130.00,2065.00,6195.00,2065,4130,0.00,0.00,0,0
1515818740,s3,0.00,0.00,0.00,0,0,0.00,0.00,0.00,0,0,0.00,0.00,0,0
1515818740,s2-eth2,152736.00,6252820.00,6405556.00,6252820,152736,2064.00,4130.00,6194.00,4130,2064,0.00,0.00,0,0
1515818740,s2-eth1,6252820.00,152810.00,6405630.00,152810,6252820,4130.00,2065.00,6195.00,2065,4130,0.00,0.00,0,0
1515818740,lo,0.00,0.00,0.00,0,0,0.00,0.00,0.00,0,0,0.00,0.00,0,0
1515818740,s4,0.00,0.00,0.00,0,0,0.00,0.00,0.00,0,0,0.00,0.00,0,0
1515818740,s3-eth2,152810.00,6252820.00,6405630.00,6252820,152810,2065.00,4130.00,6195.00,4130,2065,0.00,0.00,0,0
1515818740,s3-eth1,6252820.00,152736.00,6405556.00,152736,6252820,4130.00,2064.00,6194.00,2064,4130,0.00,0.00,0,0
1515818740,total,19215644.00,19216816.00,38432460.00,19216816,19215644,18584.00,18584.00,37168.00,18584,18584,0.00,0.00,0,0
1515818741,s5,0.00,0.00,0.00,0,0,0.00,0.00,0.00,0,0,0.00,0.00,0,0
1515818741,s1,0.00,0.00,0.00,0,0,0.00,0.00,0.00,0,0,0.00,0.00,0,0
1515818741,eth0,0.00,0.00,0.00,0,0,0.00,0.00,0.00,0,0,0.00,0.00,0,0
1515818741,eth1,0.00,0.00,0.00,0,0,0.00,0.00,0.00,0,0,0.00,0.00,0,0
1515818741,s2,0.00,0.00,0.00,0,0,0.00,0.00,0.00,0,0,0.00,0.00,0,0
1515818741,s1-eth2,151034.00,6178634.00,6329668.00,6178634,151034,2041.00,4081.00,6122.00,4081,2041,0.00,0.00,0,0
1515818741,s1-eth1,6181662.00,151034.00,6332696.00,151034,6181662,4083.00,2041.00,6124.00,2041,4083,0.00,0.00,0,0
1515818741,s3,0.00,342.00,342.00,342,0,0.00,1.00,1.00,1,0,0.00,0.00,0,0
1515818741,s2-eth2,151450.00,6177120.00,6328570.00,6177120,151450,2043.00,4080.00,6123.00,4080,2043,0.00,0.00,0,0
1515818741,s2-eth1,6178634.00,151034.00,6329668.00,151034,6178634,4081.00,2041.00,6122.00,2041,4081,0.00,0.00,0,0
1515818741,lo,498.00,498.00,996.00,498,498,6.00,6.00,12.00,6,6,0.00,0.00,0,0
1515818741,s4,0.00,0.00,0.00,0,0,0.00,0.00,0.00,0,0,0.00,0.00,0,0
1515818741,s3-eth2,151376.00,6178634.00,6330010.00,6178634,151376,2042.00,4081.00,6123.00,4081,2042,0.00,0.00,0,0
1515818741,s3-eth1,6177120.00,151450.00,6328570.00,151450,6177120,4080.00,2043.00,6123.00,2043,4080,0.00,0.00,0,0
1515818741,total,18991774.00,18988746.00,37980520.00,18988746,18991774,18376.00,18374.00,36750.00,18374,18376,0.00,0.00,0,0
1515818742,s5,0.00,0.00,0.00,0,0,0.00,0.00,0.00,0,0,0.00,0.00,0,0
1515818742,s1,0.00,0.00,0.00,0,0,0.00,0.00,0.00,0,0,0.00,0.00,0,0
1515818742,eth0,0.00,0.00,0.00,0,0,0.00,0.00,0.00,0,0,0.00,0.00,0,0
1515818742,eth1,0.00,0.00,0.00,0,0,0.00,0.00,0.00,0,0,0.00,0.00,0,0
1515818742,s2,0.00,0.00,0.00,0,0,0.00,0.00,0.00,0,0,0.00,0.00,0,0
1515818742,s1-eth2,152144.00,6222540.00,6374684.00,6222540,152144,2056.00,4110.00,6166.00,4110,2056,0.00,0.00,0,0
1515818742,s1-eth1,6224054.00,152144.00,6376198.00,152144,6224054,4111.00,2056.00,6167.00,2056,4111,0.00,0.00,0,0
1515818742,s3,0.00,0.00,0.00,0,0,0.00,0.00,0.00,0,0,0.00,0.00,0,0
1515818742,s2-eth2,152070.00,6222540.00,6374610.00,6222540,152070,2055.00,4110.00,6165.00,4110,2055,0.00,0.00,0,0
1515818742,s2-eth1,6222540.00,152144.00,6374684.00,152144,6222540,4110.00,2056.00,6166.00,2056,4110,0.00,0.00,0,0
1515818742,lo,172.00,172.00,344.00,172,172,3.00,3.00,6.00,3,3,0.00,0.00,0,0
1515818742,s4,0.00,0.00,0.00,0,0,0.00,0.00,0.00,0,0,0.00,0.00,0,0
1515818742,s3-eth2,152144.00,6205886.00,6358030.00,6205886,152144,2056.00,4099.00,6155.00,4099,2056,0.00,0.00,0,0
1515818742,s3-eth1,6222540.00,152070.00,6374610.00,152070,6222540,4110.00,2055.00,6165.00,2055,4110,0.00,0.00,0,0
1515818742,total,19125664.00,19107496.00,38233160.00,19107496,19125664,18501.00,18489.00,36990.00,18489,18501,0.00,0.00,0,0
1515818743,s5,0.00,0.00,0.00,0,0,0.00,0.00,0.00,0,0,0.00,0.00,0,0
1515818743,s1,0.00,0.00,0.00,0,0,0.00,0.00,0.00,0,0,0.00,0.00,0,0
1515818743,eth0,0.00,0.00,0.00,0,0,0.00,0.00,0.00,0,0,0.00,0.00,0,0
1515818743,eth1,0.00,0.00,0.00,0,0,0.00,0.00,0.00,0,0,0.00,0.00,0,0
1515818743,s2,0.00,0.00,0.00,0,0,0.00,0.00,0.00,0,0,0.00,0.00,0,0
1515818743,s1-eth2,147630.38,6006088.00,6153718.50,6012094,147778,1995.01,3967.03,5962.04,3971,1997,0.00,0.00,0,0
1515818743,s1-eth1,6007600.50,147112.89,6154713.50,147260,6013608,3968.03,1988.01,5956.04,1990,3972,0.00,0.00,0,0
1515818743,s3,0.00,0.00,0.00,0,0,0.00,0.00,0.00,0,0,0.00,0.00,0,0
1515818743,s2-eth2,148073.94,6015163.00,6163237.00,6021178,148222,2001.00,3973.03,5974.03,3977,2003,0.00,0.00,0,0
1515818743,s2-eth1,6006088.00,147630.38,6153718.50,147778,6012094,3967.03,1995.01,5962.04,1997,3971,0.00,0.00,0,0
1515818743,lo,0.00,0.00,0.00,0,0,0.00,0.00,0.00,0,0,0.00,0.00,0,0
1515818743,s4,0.00,0.00,0.00,0,0,0.00,0.00,0.00,0,0,0.00,0.00,0,0
1515818743,s3-eth2,148369.64,6010625.50,6158995.00,6016636,148518,2005.00,3970.03,5975.03,3974,2007,0.00,0.00,0,0
1515818743,s3-eth1,6015163.00,148073.94,6163237.00,148222,6021178,3973.03,2001.00,5974.03,2003,3977,0.00,0.00,0,0
1515818743,total,18472926.00,18474694.00,36947620.00,18493168,18491398,17909.09,17894.11,35803.20,17912,17927,0.00,0.00,0,0
1515818744,s5,0.00,0.00,0.00,0,0,0.00,0.00,0.00,0,0,0.00,0.00,0,0
1515818744,s1,0.00,0.00,0.00,0,0,0.00,0.00,0.00,0,0,0.00,0.00,0,0
1515818744,eth0,0.00,0.00,0.00,0,0,0.00,0.00,0.00,0,0,0.00,0.00,0,0
1515818744,eth1,0.00,0.00,0.00,0,0,0.00,0.00,0.00,0,0,0.00,0.00,0,0
1515818744,s2,0.00,0.00,0.00,0,0,0.00,0.00,0.00,0,0,0.00,0.00,0,0
1515818744,s1-eth2,151330.00,6227082.00,6378412.00,6227082,151330,2045.00,4113.00,6158.00,4113,2045,0.00,0.00,0,0
1515818744,s1-eth1,6225568.00,151848.00,6377416.00,151848,6225568,4112.00,2052.00,6164.00,2052,4112,0.00,0.00,0,0
1515818744,s3,0.00,0.00,0.00,0,0,0.00,0.00,0.00,0,0,0.00,0.00,0,0
1515818744,s2-eth2,150886.00,6221026.00,6371912.00,6221026,150886,2039.00,4109.00,6148.00,4109,2039,0.00,0.00,0,0
1515818744,s2-eth1,6227082.00,151330.00,6378412.00,151330,6227082,4113.00,2045.00,6158.00,2045,4113,0.00,0.00,0,0
1515818744,lo,344.00,344.00,688.00,344,344,6.00,6.00,12.00,6,6,0.00,0.00,0,0
1515818744,s4,0.00,0.00,0.00,0,0,0.00,0.00,0.00,0,0,0.00,0.00,0,0
1515818744,s3-eth2,150590.00,6225568.00,6376158.00,6225568,150590,2035.00,4112.00,6147.00,4112,2035,0.00,0.00,0,0
1515818744,s3-eth1,6221026.00,150886.00,6371912.00,150886,6221026,4109.00,2039.00,6148.00,2039,4109,0.00,0.00,0,0
1515818744,total,19126826.00,19128084.00,38254912.00,19128084,19126826,18459.00,18476.00,36935.00,18476,18459,0.00,0.00,0,0
1515818745,s5,0.00,0.00,0.00,0,0,0.00,0.00,0.00,0,0,0.00,0.00,0,0
1515818745,s1,0.00,0.00,0.00,0,0,0.00,0.00,0.00,0,0,0.00,0.00,0,0
1515818745,eth0,0.00,0.00,0.00,0,0,0.00,0.00,0.00,0,0,0.00,0.00,0,0
1515818745,eth1,0.00,0.00,0.00,0,0,0.00,0.00,0.00,0,0,0.00,0.00,0,0
1515818745,s2,0.00,0.00,0.00,0,0,0.00,0.00,0.00,0,0,0.00,0.00,0,0
1515818745,s1-eth2,152662.00,6248278.00,6400940.00,6248278,152662,2063.00,4127.00,6190.00,4127,2063,0.00,0.00,0,0
1515818745,s1-eth1,6248278.00,152662.00,6400940.00,152662,6248278,4127.00,2063.00,6190.00,2063,4127,0.00,0.00,0,0
1515818745,s3,0.00,0.00,0.00,0,0,0.00,0.00,0.00,0,0,0.00,0.00,0,0
1515818745,s2-eth2,152736.00,6248278.00,6401014.00,6248278,152736,2064.00,4127.00,6191.00,4127,2064,0.00,0.00,0,0
1515818745,s2-eth1,6248278.00,152662.00,6400940.00,152662,6248278,4127.00,2063.00,6190.00,2063,4127,0.00,0.00,0,0
1515818745,lo,172.00,172.00,344.00,172,172,3.00,3.00,6.00,3,3,0.00,0.00,0,0
1515818745,s4,0.00,0.00,0.00,0,0,0.00,0.00,0.00,0,0,0.00,0.00,0,0
1515818745,s3-eth2,152662.00,6248278.00,6400940.00,6248278,152662,2063.00,4127.00,6190.00,4127,2063,0.00,0.00,0,0
1515818745,s3-eth1,6248278.00,152736.00,6401014.00,152736,6248278,4127.00,2064.00,6191.00,2064,4127,0.00,0.00,0,0
1515818745,total,19203066.00,19203066.00,38406132.00,19203066,19203066,18574.00,18574.00,37148.00,18574,18574,0.00,0.00,0,0
1515818746,s5,0.00,0.00,0.00,0,0,0.00,0.00,0.00,0,0,0.00,0.00,0,0
1515818746,s1,0.00,0.00,0.00,0,0,0.00,0.00,0.00,0,0,0.00,0.00,0,0
1515818746,eth0,152.00,0.00,152.00,0,152,2.00,0.00,2.00,0,2,0.00,0.00,0,0
1515818746,eth1,0.00,0.00,0.00,0,0,0.00,0.00,0.00,0,0,0.00,0.00,0,0
1515818746,s2,0.00,0.00,0.00,0,0,0.00,0.00,0.00,0,0,0.00,0.00,0,0
1515818746,s1-eth2,148000.00,6021178.00,6169178.00,6021178,148000,2000.00,3977.00,5977.00,3977,2000,0.00,0.00,0,0
1515818746,s1-eth1,6027344.00,147630.00,6174974.00,147630,6027344,3982.00,1995.00,5977.00,1995,3982,0.00,0.00,0,0
1515818746,s3,0.00,0.00,0.00,0,0,0.00,0.00,0.00,0,0,0.00,0.00,0,0
1515818746,s2-eth2,148370.00,6027234.00,6175604.00,6027234,148370,2005.00,3981.00,5986.00,3981,2005,0.00,0.00,0,0
1515818746,s2-eth1,6021178.00,148000.00,6169178.00,148000,6021178,3977.00,2000.00,5977.00,2000,3977,0.00,0.00,0,0
1515818746,lo,296.00,296.00,592.00,296,296,5.00,5.00,10.00,5,5,0.00,0.00,0,0
1515818746,s4,0.00,0.00,0.00,0,0,0.00,0.00,0.00,0,0,0.00,0.00,0,0
1515818746,s3-eth2,148814.00,6022692.00,6171506.00,6022692,148814,2011.00,3978.00,5989.00,3978,2011,0.00,0.00,0,0
1515818746,s3-eth1,6027234.00,148370.00,6175604.00,148370,6027234,3981.00,2005.00,5986.00,2005,3981,0.00,0.00,0,0
1515818746,total,18521388.00,18515400.00,37036788.00,18515400,18521388,17963.00,17941.00,35904.00,17941,17963,0.00,0.00,0,0
1515818747,s5,0.00,0.00,0.00,0,0,0.00,0.00,0.00,0,0,0.00,0.00,0,0
1515818747,s1,0.00,1170.00,1170.00,1170,0,0.00,7.00,7.00,7,0,0.00,0.00,0,0
1515818747,eth0,608.00,1225.00,1833.00,1225,608,8.00,10.00,18.00,10,8,0.00,0.00,0,0
1515818747,eth1,0.00,0.00,0.00,0,0,0.00,0.00,0.00,0,0,0.00,0.00,0,0
1515818747,s2,0.00,1170.00,1170.00,1170,0,0.00,7.00,7.00,7,0,0.00,0.00,0,0
1515818747,s1-eth2,136208.00,5581774.00,5717982.00,5581774,136208,1836.00,3693.00,5529.00,3693,1836,0.00,0.00,0,0
1515818747,s1-eth1,5576248.00,135864.00,5712112.00,135864,5576248,3692.00,1836.00,5528.00,1836,3692,0.00,0.00,0,0
1515818747,s3,0.00,1202.00,1202.00,1202,0,0.00,7.00,7.00,7,0,0.00,0.00,0,0
1515818747,s2-eth2,136326.00,5573564.00,5709890.00,5573564,136326,1833.00,3684.00,5517.00,3684,1833,0.00,0.00,0,0
1515818747,s2-eth1,5581774.00,136208.00,5717982.00,136208,5581774,3693.00,1836.00,5529.00,1836,3693,0.00,0.00,0,0
1515818747,lo,7997.00,7997.00,15994.00,7997,7997,81.00,81.00,162.00,81,81,0.00,0.00,0,0
1515818747,s4,0.00,0.00,0.00,0,0,0.00,0.00,0.00,0,0,0.00,0.00,0,0
1515818747,s3-eth2,136522.00,5582118.00,5718640.00,5582118,136522,1831.00,3687.00,5518.00,3687,1831,0.00,0.00,0,0
1515818747,s3-eth1,5573564.00,136326.00,5709890.00,136326,5573564,3684.00,1833.00,5517.00,1833,3684,0.00,0.00,0,0
1515818747,total,17149248.00,17158618.00,34307864.00,17158618,17149247,16658.00,16681.00,33339.00,16681,16658,0.00,0.00,0,0
1515818748,s5,0.00,0.00,0.00,0,0,0.00,0.00,0.00,0,0,0.00,0.00,0,0
1515818748,s1,0.00,1449.00,1449.00,1449,0,0.00,12.00,12.00,12,0,0.00,0.00,0,0
1515818748,eth0,912.00,1685.00,2597.00,1685,912,12.00,13.00,25.00,13,12,0.00,0.00,0,0
1515818748,eth1,0.00,0.00,0.00,0,0,0.00,0.00,0.00,0,0,0.00,0.00,0,0
1515818748,s2,0.00,1249.00,1249.00,1249,0,0.00,10.00,10.00,10,0,0.00,0.00,0,0
1515818748,s1-eth2,150337.00,6115023.00,6265360.00,6115023,150337,2026.00,4051.00,6077.00,4051,2026,0.00,0.00,0,0
1515818748,s1-eth1,6115912.00,149522.00,6265434.00,149522,6115912,4057.00,2021.00,6078.00,2021,4057,0.00,0.00,0,0
1515818748,s3,0.00,967.00,967.00,967,0,0.00,7.00,7.00,7,0,0.00,0.00,0,0
1515818748,s2-eth2,150415.00,6115448.00,6265863.00,6115448,150415,2027.00,4044.00,6071.00,4044,2027,0.00,0.00,0,0
1515818748,s2-eth1,6115023.00,150337.00,6265360.00,150337,6115023,4051.00,2026.00,6077.00,2026,4051,0.00,0.00,0,0
1515818748,lo,10469.00,10469.00,20938.00,10469,10469,108.00,108.00,216.00,108,108,0.00,0.00,0,0
1515818748,s4,0.00,0.00,0.00,0,0,0.00,0.00,0.00,0,0,0.00,0.00,0,0
1515818748,s3-eth2,151833.00,6113574.00,6265407.00,6113574,151833,2036.00,4039.00,6075.00,4039,2036,0.00,0.00,0,0
1515818748,s3-eth1,6115448.00,150415.00,6265863.00,150415,6115448,4044.00,2027.00,6071.00,2027,4044,0.00,0.00,0,0
1515818748,total,18810348.00,18810138.00,37620488.00,18810138,18810349,18361.00,18358.00,36719.00,18358,18361,0.00,0.00,0,0
1515818749,s5,0.00,0.00,0.00,0,0,0.00,0.00,0.00,0,0,0.00,0.00,0,0
1515818749,s1,0.00,3509.00,3509.00,3509,0,0.00,14.00,14.00,14,0,0.00,0.00,0,0
1515818749,eth0,152.00,245.00,397.00,245,152,2.00,2.00,4.00,2,2,0.00,0.00,0,0
1515818749,eth1,0.00,0.00,0.00,0,0,0.00,0.00,0.00,0,0,0.00,0.00,0,0
1515818749,s2,0.00,3367.00,3367.00,3367,0,0.00,15.00,15.00,15,0,0.00,0.00,0,0
1515818749,s1-eth2,150325.00,6089789.00,6240114.00,6089789,150325,2018.00,4034.00,6052.00,4034,2018,0.00,0.00,0,0
1515818749,s1-eth1,6091455.00,148740.00,6240195.00,148740,6091455,4041.00,2010.00,6051.00,2010,4041,0.00,0.00,0,0
1515818749,s3,0.00,3617.00,3617.00,3617,0,0.00,18.00,18.00,18,0,0.00,0.00,0,0
1515818749,s2-eth2,152431.00,6088136.00,6240567.00,6088136,152431,2029.00,4028.00,6057.00,4028,2029,0.00,0.00,0,0
1515818749,s2-eth1,6089789.00,150325.00,6240114.00,150325,6089789,4034.00,2018.00,6052.00,2018,4034,0.00,0.00,0,0
1515818749,lo,14895.00,14895.00,29790.00,14895,14895,140.00,140.00,280.00,140,140,0.00,0.00,0,0
1515818749,s4,0.00,0.00,0.00,0,0,0.00,0.00,0.00,0,0,0.00,0.00,0,0
1515818749,s3-eth2,153487.00,6093850.00,6247337.00,6093850,153487,2034.00,4025.00,6059.00,4025,2034,0.00,0.00,0,0
1515818749,s3-eth1,6088136.00,152431.00,6240567.00,152431,6088136,4028.00,2029.00,6057.00,2029,4028,0.00,0.00,0,0
1515818749,total,18740670.00,18748904.00,37489576.00,18748904,18740670,18326.00,18333.00,36659.00,18333,18326,0.00,0.00,0,0
1515818750,s5,0.00,0.00,0.00,0,0,0.00,0.00,0.00,0,0,0.00,0.00,0,0
1515818750,s1,0.00,948.00,948.00,948,0,0.00,4.00,4.00,4,0,0.00,0.00,0,0
1515818750,eth0,152.00,245.00,397.00,245,152,2.00,2.00,4.00,2,2,0.00,0.00,0,0
1515818750,eth1,0.00,0.00,0.00,0,0,0.00,0.00,0.00,0,0,0.00,0.00,0,0
1515818750,s2,0.00,1290.00,1290.00,1290,0,0.00,5.00,5.00,5,0,0.00,0.00,0,0
1515818750,s1-eth2,150297.00,6126592.00,6276889.00,6126592,150297,2024.00,4050.00,6074.00,4050,2024,0.00,0.00,0,0
1515818750,s1-eth1,6127106.00,149628.00,6276734.00,149628,6127106,4052.00,2022.00,6074.00,2022,4052,0.00,0.00,0,0
1515818750,s3,0.00,1632.00,1632.00,1632,0,0.00,6.00,6.00,6,0,0.00,0.00,0,0
1515818750,s2-eth2,151260.00,6123237.00,6274497.00,6123237,151260,2028.00,4047.00,6075.00,4047,2028,0.00,0.00,0,0
1515818750,s2-eth1,6126592.00,150297.00,6276889.00,150297,6126592,4050.00,2024.00,6074.00,2024,4050,0.00,0.00,0,0
1515818750,lo,5168.00,5168.00,10336.00,5168,5168,49.00,49.00,98.00,49,49,0.00,0.00,0,0
1515818750,s4,0.00,0.00,0.00,0,0,0.00,0.00,0.00,0,0,0.00,0.00,0,0
1515818750,s3-eth2,151513.00,6125644.00,6277157.00,6125644,151513,2028.00,4046.00,6074.00,4046,2028,0.00,0.00,0,0
1515818750,s3-eth1,6123237.00,151260.00,6274497.00,151260,6123237,4047.00,2028.00,6075.00,2028,4047,0.00,0.00,0,0
1515818750,total,18835324.00,18835940.00,37671264.00,18835941,18835325,18280.00,18283.00,36563.00,18283,18280,0.00,0.00,0,0
1515818751,s5,0.00,0.00,0.00,0,0,0.00,0.00,0.00,0,0,0.00,0.00,0,0
1515818751,s1,0.00,716.00,716.00,716,0,0.00,3.00,3.00,3,0,0.00,0.00,0,0
1515818751,eth0,0.00,0.00,0.00,0,0,0.00,0.00,0.00,0,0,0.00,0.00,0,0
1515818751,eth1,0.00,0.00,0.00,0,0,0.00,0.00,0.00,0,0,0.00,0.00,0,0
1515818751,s2,0.00,449.00,449.00,449,0,0.00,2.00,2.00,2,0,0.00,0.00,0,0
1515818751,s1-eth2,152251.00,6226284.00,6378535.00,6226284,152251,2057.00,4115.00,6172.00,4115,2057,0.00,0.00,0,0
1515818751,s1-eth1,6226391.00,152218.00,6378609.00,152218,6226391,4116.00,2057.00,6173.00,2057,4116,0.00,0.00,0,0
1515818751,s3,0.00,107.00,107.00,107,0,0.00,1.00,1.00,1,0,0.00,0.00,0,0
1515818751,s2-eth2,152325.00,6225910.00,6378235.00,6225910,152325,2058.00,4113.00,6171.00,4113,2058,0.00,0.00,0,0
1515818751,s2-eth1,6226284.00,152251.00,6378535.00,152251,6226284,4115.00,2057.00,6172.00,2057,4115,0.00,0.00,0,0
1515818751,lo,1893.00,1893.00,3786.00,1893,1893,18.00,18.00,36.00,18,18,0.00,0.00,0,0
1515818751,s4,0.00,0.00,0.00,0,0,0.00,0.00,0.00,0,0,0.00,0.00,0,0
1515818751,s3-eth2,153041.00,6225568.00,6378609.00,6225568,153041,2061.00,4112.00,6173.00,4112,2061,0.00,0.00,0,0
1515818751,s3-eth1,6225910.00,152325.00,6378235.00,152325,6225910,4113.00,2058.00,6171.00,2058,4113,0.00,0.00,0,0
1515818751,total,19138096.00,19137720.00,38275816.00,19137721,19138095,18538.00,18536.00,37074.00,18536,18538,0.00,0.00,0,0
1515818752,s5,0.00,0.00,0.00,0,0,0.00,0.00,0.00,0,0,0.00,0.00,0,0
1515818752,s1,0.00,1168.00,1168.00,1168,0,0.00,6.00,6.00,6,0,0.00,0.00,0,0
1515818752,eth0,0.00,0.00,0.00,0,0,0.00,0.00,0.00,0,0,0.00,0.00,0,0
1515818752,eth1,0.00,0.00,0.00,0,0,0.00,0.00,0.00,0,0,0.00,0.00,0,0
1515818752,s2,0.00,1435.00,1435.00,1435,0,0.00,7.00,7.00,7,0,0.00,0.00,0,0
1515818752,s1-eth2,150218.00,6120756.00,6270974.00,6120756,150218,2024.00,4048.00,6072.00,4048,2024,0.00,0.00,0,0
1515818752,s1-eth1,6121420.00,149554.00,6270974.00,149554,6121420,4051.00,2021.00,6072.00,2021,4051,0.00,0.00,0,0
1515818752,s3,0.00,1038.00,1038.00,1038,0,0.00,5.00,5.00,5,0,0.00,0.00,0,0
1515818752,s2-eth2,150518.00,6120359.00,6270877.00,6120359,150518,2025.00,4046.00,6071.00,4046,2025,0.00,0.00,0,0
1515818752,s2-eth1,6120756.00,150218.00,6270974.00,150218,6120756,4048.00,2024.00,6072.00,2024,4048,0.00,0.00,0,0
1515818752,lo,5515.00,5515.00,11030.00,5515,5515,54.00,54.00,108.00,54,54,0.00,0.00,0,0
1515818752,s4,0.00,0.00,0.00,0,0,0.00,0.00,0.00,0,0,0.00,0.00,0,0
1515818752,s3-eth2,150989.00,6127158.00,6278147.00,6127158,150989,2028.00,4047.00,6075.00,4047,2028,0.00,0.00,0,0
1515818752,s3-eth1,6121873.00,150592.00,6272465.00,150592,6121873,4047.00,2026.00,6073.00,2026,4047,0.00,0.00,0,0
1515818752,total,18821288.00,18827792.00,37649080.00,18827793,18821289,18277.00,18284.00,36561.00,18284,18277,0.00,0.00,0,0
1515818753,s5,0.00,0.00,0.00,0,0,0.00,0.00,0.00,0,0,0.00,0.00,0,0
1515818753,s1,0.00,0.00,0.00,0,0,0.00,0.00,0.00,0,0,0.00,0.00,0,0
1515818753,eth0,0.00,0.00,0.00,0,0,0.00,0.00,0.00,0,0,0.00,0.00,0,0
1515818753,eth1,0.00,0.00,0.00,0,0,0.00,0.00,0.00,0,0,0.00,0.00,0,0
1515818753,s2,0.00,0.00,0.00,0,0,0.00,0.00,0.00,0,0,0.00,0.00,0,0
1515818753,s1-eth2,151700.00,6207400.00,6359100.00,6207400,151700,2050.00,4100.00,6150.00,4100,2050,0.00,0.00,0,0
1515818753,s1-eth1,6207400.00,151700.00,6359100.00,151700,6207400,4100.00,2050.00,6150.00,2050,4100,0.00,0.00,0,0
1515818753,s3,0.00,739.00,739.00,739,0,0.00,3.00,3.00,3,0,0.00,0.00,0,0
1515818753,s2-eth2,152439.00,6207400.00,6359839.00,6207400,152439,2053.00,4100.00,6153.00,4100,2053,0.00,0.00,0,0
1515818753,s2-eth1,6207400.00,151700.00,6359100.00,151700,6207400,4100.00,2050.00,6150.00,2050,4100,0.00,0.00,0,0
1515818753,lo,920.00,920.00,1840.00,920,920,9.00,9.00,18.00,9,9,0.00,0.00,0,0
1515818753,s4,0.00,0.00,0.00,0,0,0.00,0.00,0.00,0,0,0.00,0.00,0,0
1515818753,s3-eth2,152439.00,6186204.00,6338643.00,6186204,152439,2053.00,4086.00,6139.00,4086,2053,0.00,0.00,0,0
1515818753,s3-eth1,6205886.00,152365.00,6358251.00,152365,6205886,4099.00,2052.00,6151.00,2052,4099,0.00,0.00,0,0
1515818753,total,19078184.00,19058428.00,38136612.00,19058428,19078184,18464.00,18450.00,36914.00,18450,18464,0.00,0.00,0,0
1515818754,s5,0.00,0.00,0.00,0,0,0.00,0.00,0.00,0,0,0.00,0.00,0,0
1515818754,s1,0.00,0.00,0.00,0,0,0.00,0.00,0.00,0,0,0.00,0.00,0,0
1515818754,eth0,0.00,0.00,0.00,0,0,0.00,0.00,0.00,0,0,0.00,0.00,0,0
1515818754,eth1,0.00,0.00,0.00,0,0,0.00,0.00,0.00,0,0,0.00,0.00,0,0
1515818754,s2,0.00,0.00,0.00,0,0,0.00,0.00,0.00,0,0,0.00,0.00,0,0
1515818754,s1-eth2,152144.00,6225568.00,6377712.00,6225568,152144,2056.00,4112.00,6168.00,4112,2056,0.00,0.00,0,0
1515818754,s1-eth1,6225568.00,152070.00,6377638.00,152070,6225568,4112.00,2055.00,6167.00,2055,4112,0.00,0.00,0,0
1515818754,s3,0.00,0.00,0.00,0,0,0.00,0.00,0.00,0,0,0.00,0.00,0,0
1515818754,s2-eth2,152662.00,6225568.00,6378230.00,6225568,152662,2063.00,4112.00,6175.00,4112,2063,0.00,0.00,0,0
1515818754,s2-eth1,6225568.00,152144.00,6377712.00,152144,6225568,4112.00,2056.00,6168.00,2056,4112,0.00,0.00,0,0
1515818754,lo,344.00,344.00,688.00,344,344,6.00,6.00,12.00,6,6,0.00,0.00,0,0
1515818754,s4,0.00,0.00,0.00,0,0,0.00,0.00,0.00,0,0,0.00,0.00,0,0
1515818754,s3-eth2,152930.00,6225568.00,6378498.00,6225568,152930,2063.00,4112.00,6175.00,4112,2063,0.00,0.00,0,0
1515818754,s3-eth1,6225568.00,152662.00,6378230.00,152662,6225568,4112.00,2063.00,6175.00,2063,4112,0.00,0.00,0,0
1515818754,total,19134784.00,19133924.00,38268708.00,19133924,19134784,18524.00,18516.00,37040.00,18516,18524,0.00,0.00,0,0
1515818755,s5,0.00,0.00,0.00,0,0,0.00,0.00,0.00,0,0,0.00,0.00,0,0
1515818755,s1,0.00,107.00,107.00,107,0,0.00,1.00,1.00,1,0,0.00,0.00,0,0
1515818755,eth0,0.00,0.00,0.00,0,0,0.00,0.00,0.00,0,0,0.00,0.00,0,0
1515818755,eth1,0.00,0.00,0.00,0,0,0.00,0.00,0.00,0,0,0.00,0.00,0,0
1515818755,s2,0.00,107.00,107.00,107,0,0.00,1.00,1.00,1,0,0.00,0.00,0,0
1515818755,s1-eth2,152695.00,6243843.00,6396538.00,6243843,152695,2063.00,4125.00,6188.00,4125,2063,0.00,0.00,0,0
1515818755,s1-eth1,6243950.00,152662.00,6396612.00,152662,6243950,4126.00,2063.00,6189.00,2063,4126,0.00,0.00,0,0
1515818755,s3,0.00,107.00,107.00,107,0,0.00,1.00,1.00,1,0,0.00,0.00,0,0
1515818755,s2-eth2,152177.00,6243736.00,6395913.00,6243736,152177,2056.00,4124.00,6180.00,4124,2056,0.00,0.00,0,0
1515818755,s2-eth1,6243843.00,152695.00,6396538.00,152695,6243843,4125.00,2063.00,6188.00,2063,4125,0.00,0.00,0,0
1515818755,lo,915.00,915.00,1830.00,915,915,9.00,9.00,18.00,9,9,0.00,0.00,0,0
1515818755,s4,0.00,0.00,0.00,0,0,0.00,0.00,0.00,0,0,0.00,0.00,0,0
1515818755,s3-eth2,152358.00,6243736.00,6396094.00,6243736,152358,2058.00,4124.00,6182.00,4124,2058,0.00,0.00,0,0
1515818755,s3-eth1,6243736.00,152177.00,6395913.00,152177,6243736,4124.00,2056.00,6180.00,2056,4124,0.00,0.00,0,0
1515818755,total,19189674.00,19190084.00,38379760.00,19190085,19189674,18561.00,18567.00,37128.00,18567,18561,0.00,0.00,0,0
1515818756,s5,0.00,0.00,0.00,0,0,0.00,0.00,0.00,0,0,0.00,0.00,0,0
1515818756,s1,0.00,931.00,931.00,931,0,0.00,5.00,5.00,5,0,0.00,0.00,0,0
1515818756,eth0,0.00,0.00,0.00,0,0,0.00,0.00,0.00,0,0,0.00,0.00,0,0
1515818756,eth1,0.00,0.00,0.00,0,0,0.00,0.00,0.00,0,0,0.00,0.00,0,0
1515818756,s2,0.00,931.00,931.00,931,0,0.00,5.00,5.00,5,0,0.00,0.00,0,0
1515818756,s1-eth2,150558.00,6140201.00,6290759.00,6140201,150558,2031.00,4060.00,6091.00,4060,2031,0.00,0.00,0,0
1515818756,s1-eth1,6140271.00,150072.00,6290343.00,150072,6140271,4061.00,2028.00,6089.00,2028,4061,0.00,0.00,0,0
1515818756,s3,0.00,519.00,519.00,519,0,0.00,3.00,3.00,3,0,0.00,0.00,0,0
1515818756,s2-eth2,150665.00,6142817.00,6293482.00,6142817,150665,2032.00,4060.00,6092.00,4060,2032,0.00,0.00,0,0
1515818756,s2-eth1,6140201.00,150558.00,6290759.00,150558,6140201,4060.00,2031.00,6091.00,2031,4060,0.00,0.00,0,0
1515818756,lo,3885.00,3885.00,7770.00,3885,3885,39.00,39.00,78.00,39,39,0.00,0.00,0,0
1515818756,s4,0.00,0.00,0.00,0,0,0.00,0.00,0.00,0,0,0.00,0.00,0,0
1515818756,s3-eth2,150661.00,6143812.00,6294473.00,6143812,150661,2032.00,4058.00,6090.00,4058,2032,0.00,0.00,0,0
1515818756,s3-eth1,6142817.00,150665.00,6293482.00,150665,6142817,4060.00,2032.00,6092.00,2032,4060,0.00,0.00,0,0
1515818756,total,18879058.00,18884392.00,37763448.00,18884391,18879058,18315.00,18321.00,36636.00,18321,18315,0.00,0.00,0,0
1515818757,s5,0.00,0.00,0.00,0,0,0.00,0.00,0.00,0,0,0.00,0.00,0,0
1515818757,s1,0.00,0.00,0.00,0,0,0.00,0.00,0.00,0,0,0.00,0.00,0,0
1515818757,eth0,0.00,0.00,0.00,0,0,0.00,0.00,0.00,0,0,0.00,0.00,0,0
1515818757,eth1,0.00,0.00,0.00,0,0,0.00,0.00,0.00,0,0,0.00,0.00,0,0
1515818757,s2,0.00,0.00,0.00,0,0,0.00,0.00,0.00,0,0,0.00,0.00,0,0
1515818757,s1-eth2,149776.00,6131700.00,6281476.00,6131700,149776,2024.00,4050.00,6074.00,4050,2024,0.00,0.00,0,0
1515818757,s1-eth1,6133556.00,149776.00,6283332.00,149776,6133556,4052.00,2024.00,6076.00,2024,4052,0.00,0.00,0,0
1515818757,s3,0.00,70.00,70.00,70,0,0.00,1.00,1.00,1,0,0.00,0.00,0,0
1515818757,s2-eth2,149846.00,6128672.00,6278518.00,6128672,149846,2025.00,4048.00,6073.00,4048,2025,0.00,0.00,0,0
1515818757,s2-eth1,6131700.00,149776.00,6281476.00,149776,6131700,4050.00,2024.00,6074.00,2024,4050,0.00,0.00,0,0
1515818757,lo,268.00,268.00,536.00,268,268,3.00,3.00,6.00,3,3,0.00,0.00,0,0
1515818757,s4,0.00,0.00,0.00,0,0,0.00,0.00,0.00,0,0,0.00,0.00,0,0
1515818757,s3-eth2,149846.00,6125644.00,6275490.00,6125644,149846,2025.00,4046.00,6071.00,4046,2025,0.00,0.00,0,0
1515818757,s3-eth1,6128672.00,149846.00,6278518.00,149846,6128672,4048.00,2025.00,6073.00,2025,4048,0.00,0.00,0,0
1515818757,total,18843664.00,18835752.00,37679416.00,18835752,18843664,18227.00,18221.00,36448.00,18221,18227,0.00,0.00,0,0
1515818758,s5,0.00,0.00,0.00,0,0,0.00,0.00,0.00,0,0,0.00,0.00,0,0
1515818758,s1,0.00,0.00,0.00,0,0,0.00,0.00,0.00,0,0,0.00,0.00,0,0
1515818758,eth0,0.00,0.00,0.00,0,0,0.00,0.00,0.00,0,0,0.00,0.00,0,0
1515818758,eth1,0.00,0.00,0.00,0,0,0.00,0.00,0.00,0,0,0.00,0.00,0,0
1515818758,s2,0.00,0.00,0.00,0,0,0.00,0.00,0.00,0,0,0.00,0.00,0,0
1515818758,s1-eth2,147852.00,6049944.00,6197796.00,6049944,147852,1998.00,3996.00,5994.00,3996,1998,0.00,0.00,0,0
1515818758,s1-eth1,6049944.00,147852.00,6197796.00,147852,6049944,3996.00,1998.00,5994.00,1998,3996,0.00,0.00,0,0
1515818758,s3,0.00,342.00,342.00,342,0,0.00,1.00,1.00,1,0,0.00,0.00,0,0
1515818758,s2-eth2,148194.00,6049944.00,6198138.00,6049944,148194,1999.00,3996.00,5995.00,3996,1999,0.00,0.00,0,0
1515818758,s2-eth1,6049944.00,147852.00,6197796.00,147852,6049944,3996.00,1998.00,5994.00,1998,3996,0.00,0.00,0,0
1515818758,lo,326.00,326.00,652.00,326,326,3.00,3.00,6.00,3,3,0.00,0.00,0,0
1515818758,s4,0.00,0.00,0.00,0,0,0.00,0.00,0.00,0,0,0.00,0.00,0,0
1515818758,s3-eth2,148194.00,6052972.00,6201166.00,6052972,148194,1999.00,3998.00,5997.00,3998,1999,0.00,0.00,0,0
1515818758,s3-eth1,6049944.00,148194.00,6198138.00,148194,6049944,3996.00,1999.00,5995.00,1999,3996,0.00,0.00,0,0
1515818758,total,18594398.00,18597426.00,37191824.00,18597426,18594398,17987.00,17989.00,35976.00,17989,17987,0.00,0.00,0,0
1515818759,s5,0.00,0.00,0.00,0,0,0.00,0.00,0.00,0,0,0.00,0.00,0,0
1515818759,s1,0.00,0.00,0.00,0,0,0.00,0.00,0.00,0,0,0.00,0.00,0,0
1515818759,eth0,0.00,0.00,0.00,0,0,0.00,0.00,0.00,0,0,0.00,0.00,0,0
1515818759,eth1,0.00,0.00,0.00,0,0,0.00,0.00,0.00,0,0,0.00,0.00,0,0
1515818759,s2,0.00,0.00,0.00,0,0,0.00,0.00,0.00,0,0,0.00,0.00,0,0
1515818759,s1-eth2,150886.00,6174092.00,6324978.00,6174092,150886,2039.00,4078.00,6117.00,4078,2039,0.00,0.00,0,0
1515818759,s1-eth1,6172578.00,150886.00,6323464.00,150886,6172578,4077.00,2039.00,6116.00,2039,4077,0.00,0.00,0,0
1515818759,s3,0.00,0.00,0.00,0,0,0.00,0.00,0.00,0,0,0.00,0.00,0,0
1515818759,s2-eth2,150886.00,6174092.00,6324978.00,6174092,150886,2039.00,4078.00,6117.00,4078,2039,0.00,0.00,0,0
1515818759,s2-eth1,6174092.00,150886.00,6324978.00,150886,6174092,4078.00,2039.00,6117.00,2039,4078,0.00,0.00,0,0
1515818759,lo,344.00,344.00,688.00,344,344,6.00,6.00,12.00,6,6,0.00,0.00,0,0
1515818759,s4,0.00,0.00,0.00,0,0,0.00,0.00,0.00,0,0,0.00,0.00,0,0
1515818759,s3-eth2,151302.00,6172578.00,6323880.00,6172578,151302,2041.00,4077.00,6118.00,4077,2041,0.00,0.00,0,0
1515818759,s3-eth1,6174092.00,150886.00,6324978.00,150886,6174092,4078.00,2039.00,6117.00,2039,4078,0.00,0.00,0,0
1515818759,total,18974180.00,18973764.00,37947944.00,18973764,18974180,18358.00,18356.00,36714.00,18356,18358,0.00,0.00,0,0
1515818760,s5,0.00,0.00,0.00,0,0,0.00,0.00,0.00,0,0,0.00,0.00,0,0
1515818760,s1,0.00,0.00,0.00,0,0,0.00,0.00,0.00,0,0,0.00,0.00,0,0
1515818760,eth0,0.00,0.00,0.00,0,0,0.00,0.00,0.00,0,0,0.00,0.00,0,0
1515818760,eth1,0.00,0.00,0.00,0,0,0.00,0.00,0.00,0,0,0.00,0.00,0,0
1515818760,s2,0.00,0.00,0.00,0,0,0.00,0.00,0.00,0,0,0.00,0.00,0,0
1515818760,s1-eth2,51220.00,1902660.00,1953880.00,1902660,51220,692.00,1260.00,1952.00,1260,692,0.00,0.00,0,0
1515818760,s1-eth1,1966248.00,49740.00,2015988.00,49740,1966248,1302.00,672.00,1974.00,672,1302,0.00,0.00,0,0
1515818760,s3,0.00,0.00,0.00,0,0,0.00,0.00,0.00,0,0,0.00,0.00,0,0
1515818760,s2-eth2,52774.00,1839072.00,1891846.00,1839072,52774,713.00,1218.00,1931.00,1218,713,0.00,0.00,0,0
1515818760,s2-eth1,1902660.00,51220.00,1953880.00,51220,1902660,1260.00,692.00,1952.00,692,1260,0.00,0.00,0,0
1515818760,lo,0.00,0.00,0.00,0,0,0.00,0.00,0.00,0,0,0.00,0.00,0,0
1515818760,s4,0.00,0.00,0.00,0,0,0.00,0.00,0.00,0,0,0.00,0.00,0,0
1515818760,s3-eth2,54254.00,1775484.00,1829738.00,1775484,54254,733.00,1176.00,1909.00,1176,733,0.00,0.00,0,0
1515818760,s3-eth1,1839072.00,52774.00,1891846.00,52774,1839072,1218.00,713.00,1931.00,713,1218,0.00,0.00,0,0
1515818760,total,5866228.00,5670950.00,11537178.00,5670950,5866228,5918.00,5731.00,11649.00,5731,5918,0.00,0.00,0,0
1515818761,s5,0.00,0.00,0.00,0,0,0.00,0.00,0.00,0,0,0.00,0.00,0,0
1515818761,s1,0.00,0.00,0.00,0,0,0.00,0.00,0.00,0,0,0.00,0.00,0,0
1515818761,eth0,0.00,1006.00,1006.00,1006,0,0.00,4.00,4.00,4,0,0.00,0.00,0,0
1515818761,eth1,0.00,0.00,0.00,0,0,0.00,0.00,0.00,0,0,0.00,0.00,0,0
1515818761,s2,0.00,0.00,0.00,0,0,0.00,0.00,0.00,0,0,0.00,0.00,0,0
1515818761,s1-eth2,0.00,0.00,0.00,0,0,0.00,0.00,0.00,0,0,0.00,0.00,0,0
1515818761,s1-eth1,0.00,0.00,0.00,0,0,0.00,0.00,0.00,0,0,0.00,0.00,0,0
1515818761,s3,0.00,0.00,0.00,0,0,0.00,0.00,0.00,0,0,0.00,0.00,0,0
1515818761,s2-eth2,0.00,0.00,0.00,0,0,0.00,0.00,0.00,0,0,0.00,0.00,0,0
1515818761,s2-eth1,0.00,0.00,0.00,0,0,0.00,0.00,0.00,0,0,0.00,0.00,0,0
1515818761,lo,344.00,344.00,688.00,344,344,6.00,6.00,12.00,6,6,0.00,0.00,0,0
1515818761,s4,0.00,0.00,0.00,0,0,0.00,0.00,0.00,0,0,0.00,0.00,0,0
1515818761,s3-eth2,0.00,0.00,0.00,0,0,0.00,0.00,0.00,0,0,0.00,0.00,0,0
1515818761,s3-eth1,0.00,0.00,0.00,0,0,0.00,0.00,0.00,0,0,0.00,0.00,0,0
1515818761,total,344.00,1350.00,1694.00,1350,344,6.00,10.00,16.00,10,6,0.00,0.00,0,0
1515818762,s5,0.00,0.00,0.00,0,0,0.00,0.00,0.00,0,0,0.00,0.00,0,0
1515818762,s1,0.00,0.00,0.00,0,0,0.00,0.00,0.00,0,0,0.00,0.00,0,0
1515818762,eth0,0.00,0.00,0.00,0,0,0.00,0.00,0.00,0,0,0.00,0.00,0,0
1515818762,eth1,0.00,0.00,0.00,0,0,0.00,0.00,0.00,0,0,0.00,0.00,0,0
1515818762,s2,0.00,0.00,0.00,0,0,0.00,0.00,0.00,0,0,0.00,0.00,0,0
1515818762,s1-eth2,0.00,0.00,0.00,0,0,0.00,0.00,0.00,0,0,0.00,0.00,0,0
1515818762,s1-eth1,0.00,0.00,0.00,0,0,0.00,0.00,0.00,0,0,0.00,0.00,0,0
1515818762,s3,0.00,0.00,0.00,0,0,0.00,0.00,0.00,0,0,0.00,0.00,0,0
1515818762,s2-eth2,0.00,0.00,0.00,0,0,0.00,0.00,0.00,0,0,0.00,0.00,0,0
1515818762,s2-eth1,0.00,0.00,0.00,0,0,0.00,0.00,0.00,0,0,0.00,0.00,0,0
1515818762,lo,172.00,172.00,344.00,172,172,3.00,3.00,6.00,3,3,0.00,0.00,0,0
1515818762,s4,0.00,0.00,0.00,0,0,0.00,0.00,0.00,0,0,0.00,0.00,0,0
1515818762,s3-eth2,0.00,0.00,0.00,0,0,0.00,0.00,0.00,0,0,0.00,0.00,0,0
1515818762,s3-eth1,0.00,0.00,0.00,0,0,0.00,0.00,0.00,0,0,0.00,0.00,0,0
1515818762,total,172.00,172.00,344.00,172,172,3.00,3.00,6.00,3,3,0.00,0.00,0,0
1515818763,s5,0.00,0.00,0.00,0,0,0.00,0.00,0.00,0,0,0.00,0.00,0,0
1515818763,s1,0.00,106.89,106.89,107,0,0.00,1.00,1.00,1,0,0.00,0.00,0,0
1515818763,eth0,0.00,0.00,0.00,0,0,0.00,0.00,0.00,0,0,0.00,0.00,0,0
1515818763,eth1,0.00,0.00,0.00,0,0,0.00,0.00,0.00,0,0,0.00,0.00,0,0
1515818763,s2,0.00,448.55,448.55,449,0,0.00,2.00,2.00,2,0,0.00,0.00,0,0
1515818763,s1-eth2,448.55,106.89,555.44,107,449,2.00,1.00,3.00,1,2,0.00,0.00,0,0
1515818763,s1-eth1,213.79,0.00,213.79,0,214,2.00,0.00,2.00,0,2,0.00,0.00,0,0
1515818763,s3,0.00,448.55,448.55,449,0,0.00,2.00,2.00,2,0,0.00,0.00,0,0
1515818763,s2-eth2,448.55,0.00,448.55,0,449,2.00,0.00,2.00,0,2,0.00,0.00,0,0
1515818763,s2-eth1,106.89,448.55,555.44,449,107,1.00,2.00,3.00,2,1,0.00,0.00,0,0
1515818763,lo,1565.43,1565.43,3130.87,1567,1567,14.99,14.99,29.97,15,15,0.00,0.00,0,0
1515818763,s4,0.00,0.00,0.00,0,0,0.00,0.00,0.00,0,0,0.00,0.00,0,0
1515818763,s3-eth2,555.44,0.00,555.44,0,556,3.00,0.00,3.00,0,3,0.00,0.00,0,0
1515818763,s3-eth1,0.00,448.55,448.55,449,0,0.00,2.00,2.00,2,0,0.00,0.00,0,0
1515818763,total,3338.66,3573.43,6912.09,3577,3342,24.98,24.98,49.95,25,25,0.00,0.00,0,0
1515818764,s5,0.00,0.00,0.00,0,0,0.00,0.00,0.00,0,0,0.00,0.00,0,0
1515818764,s1,0.00,107.00,107.00,107,0,0.00,1.00,1.00,1,0,0.00,0.00,0,0
1515818764,eth0,0.00,0.00,0.00,0,0,0.00,0.00,0.00,0,0,0.00,0.00,0,0
1515818764,eth1,0.00,0.00,0.00,0,0,0.00,0.00,0.00,0,0,0.00,0.00,0,0
1515818764,s2,0.00,107.00,107.00,107,0,0.00,1.00,1.00,1,0,0.00,0.00,0,0
1515818764,s1-eth2,0.00,107.00,107.00,107,0,0.00,1.00,1.00,1,0,0.00,0.00,0,0
1515818764,s1-eth1,107.00,0.00,107.00,0,107,1.00,0.00,1.00,0,1,0.00,0.00,0,0
1515818764,s3,0.00,107.00,107.00,107,0,0.00,1.00,1.00,1,0,0.00,0.00,0,0
1515818764,s2-eth2,107.00,107.00,214.00,107,107,1.00,1.00,2.00,1,1,0.00,0.00,0,0
1515818764,s2-eth1,107.00,0.00,107.00,0,107,1.00,0.00,1.00,0,1,0.00,0.00,0,0
1515818764,lo,1259.00,1259.00,2518.00,1259,1259,15.00,15.00,30.00,15,15,0.00,0.00,0,0
1515818764,s4,0.00,0.00,0.00,0,0,0.00,0.00,0.00,0,0,0.00,0.00,0,0
1515818764,s3-eth2,107.00,0.00,107.00,0,107,1.00,0.00,1.00,0,1,0.00,0.00,0,0
1515818764,s3-eth1,107.00,107.00,214.00,107,107,1.00,1.00,2.00,1,1,0.00,0.00,0,0
1515818764,total,1794.00,1901.00,3695.00,1901,1794,20.00,21.00,41.00,21,20,0.00,0.00,0,0
1515818765,s5,0.00,0.00,0.00,0,0,0.00,0.00,0.00,0,0,0.00,0.00,0,0
1515818765,s1,0.00,0.00,0.00,0,0,0.00,0.00,0.00,0,0,0.00,0.00,0,0
1515818765,eth0,0.00,0.00,0.00,0,0,0.00,0.00,0.00,0,0,0.00,0.00,0,0
1515818765,eth1,0.00,0.00,0.00,0,0,0.00,0.00,0.00,0,0,0.00,0.00,0,0
1515818765,s2,0.00,0.00,0.00,0,0,0.00,0.00,0.00,0,0,0.00,0.00,0,0
1515818765,s1-eth2,0.00,0.00,0.00,0,0,0.00,0.00,0.00,0,0,0.00,0.00,0,0
1515818765,s1-eth1,0.00,0.00,0.00,0,0,0.00,0.00,0.00,0,0,0.00,0.00,0,0
1515818765,s3,0.00,0.00,0.00,0,0,0.00,0.00,0.00,0,0,0.00,0.00,0,0
1515818765,s2-eth2,0.00,0.00,0.00,0,0,0.00,0.00,0.00,0,0,0.00,0.00,0,0
1515818765,s2-eth1,0.00,0.00,0.00,0,0,0.00,0.00,0.00,0,0,0.00,0.00,0,0
1515818765,lo,0.00,0.00,0.00,0,0,0.00,0.00,0.00,0,0,0.00,0.00,0,0
1515818765,s4,0.00,0.00,0.00,0,0,0.00,0.00,0.00,0,0,0.00,0.00,0,0
1515818765,s3-eth2,0.00,0.00,0.00,0,0,0.00,0.00,0.00,0,0,0.00,0.00,0,0
1515818765,s3-eth1,0.00,0.00,0.00,0,0,0.00,0.00,0.00,0,0,0.00,0.00,0,0
1515818765,total,0.00,0.00,0.00,0,0,0.00,0.00,0.00,0,0,0.00,0.00,0,0
1515818766,s5,0.00,0.00,0.00,0,0,0.00,0.00,0.00,0,0,0.00,0.00,0,0
1515818766,s1,0.00,0.00,0.00,0,0,0.00,0.00,0.00,0,0,0.00,0.00,0,0
1515818766,eth0,0.00,0.00,0.00,0,0,0.00,0.00,0.00,0,0,0.00,0.00,0,0
1515818766,eth1,0.00,0.00,0.00,0,0,0.00,0.00,0.00,0,0,0.00,0.00,0,0
1515818766,s2,0.00,0.00,0.00,0,0,0.00,0.00,0.00,0,0,0.00,0.00,0,0
1515818766,s1-eth2,0.00,0.00,0.00,0,0,0.00,0.00,0.00,0,0,0.00,0.00,0,0
1515818766,s1-eth1,0.00,0.00,0.00,0,0,0.00,0.00,0.00,0,0,0.00,0.00,0,0
1515818766,s3,0.00,0.00,0.00,0,0,0.00,0.00,0.00,0,0,0.00,0.00,0,0
1515818766,s2-eth2,0.00,0.00,0.00,0,0,0.00,0.00,0.00,0,0,0.00,0.00,0,0
1515818766,s2-eth1,0.00,0.00,0.00,0,0,0.00,0.00,0.00,0,0,0.00,0.00,0,0
1515818766,lo,0.00,0.00,0.00,0,0,0.00,0.00,0.00,0,0,0.00,0.00,0,0
1515818766,s4,0.00,0.00,0.00,0,0,0.00,0.00,0.00,0,0,0.00,0.00,0,0
1515818766,s3-eth2,0.00,0.00,0.00,0,0,0.00,0.00,0.00,0,0,0.00,0.00,0,0
1515818766,s3-eth1,0.00,0.00,0.00,0,0,0.00,0.00,0.00,0,0,0.00,0.00,0,0
1515818766,total,0.00,0.00,0.00,0,0,0.00,0.00,0.00,0,0,0.00,0.00,0,0
1515818767,s5,0.00,0.00,0.00,0,0,0.00,0.00,0.00,0,0,0.00,0.00,0,0
1515818767,s1,0.00,342.00,342.00,342,0,0.00,1.00,1.00,1,0,0.00,0.00,0,0
1515818767,eth0,0.00,0.00,0.00,0,0,0.00,0.00,0.00,0,0,0.00,0.00,0,0
1515818767,eth1,0.00,0.00,0.00,0,0,0.00,0.00,0.00,0,0,0.00,0.00,0,0
1515818767,s2,0.00,0.00,0.00,0,0,0.00,0.00,0.00,0,0,0.00,0.00,0,0
1515818767,s1-eth2,0.00,342.00,342.00,342,0,0.00,1.00,1.00,1,0,0.00,0.00,0,0
1515818767,s1-eth1,342.00,0.00,342.00,0,342,1.00,0.00,1.00,0,1,0.00,0.00,0,0
1515818767,s3,0.00,0.00,0.00,0,0,0.00,0.00,0.00,0,0,0.00,0.00,0,0
1515818767,s2-eth2,0.00,0.00,0.00,0,0,0.00,0.00,0.00,0,0,0.00,0.00,0,0
1515818767,s2-eth1,342.00,0.00,342.00,0,342,1.00,0.00,1.00,0,1,0.00,0.00,0,0
1515818767,lo,326.00,326.00,652.00,326,326,3.00,3.00,6.00,3,3,0.00,0.00,0,0
1515818767,s4,0.00,0.00,0.00,0,0,0.00,0.00,0.00,0,0,0.00,0.00,0,0
1515818767,s3-eth2,0.00,0.00,0.00,0,0,0.00,0.00,0.00,0,0,0.00,0.00,0,0
1515818767,s3-eth1,0.00,0.00